training_loss,validation_loss,precision,recall,f1,accuracy,test_accuracy
0.5586607944010851,2.222144603729248,0.2700618054749917,0.1936126519539091,0.21397257029981273,0.5557142857142857,0.6976190476190476
0.04437161005012332,4.265753269195557,0.2481047654898587,0.15019059905998178,0.17201033795042445,0.4194285714285714,0.6976190476190476
0.007605557073716282,2.381141424179077,0.25419222738347164,0.17898288287534886,0.2012933665198012,0.6074285714285714,0.7042857142857143
0.0021618140902805076,2.478101968765259,0.2587287346500598,0.18177570151064767,0.20365375925934717,0.6077142857142858,0.7176190476190476
0.0017345603175425526,2.473449945449829,0.26946327035380363,0.19395213116778498,0.2154727044344485,0.624857142857143,0.7176190476190476
0.0016481861302525497,2.428466796875,0.26411124735645,0.1905662281831833,0.21241805856381624,0.6282857142857144,0.7190476190476192
0.0015156492572677815,2.3882219791412354,0.2688613945578231,0.19552873321500652,0.2180422889345504,0.6348571428571427,0.7180952380952381
0.001523461110533375,2.4130959510803223,0.25868268614693457,0.18887857596517113,0.2096410400710523,0.6334285714285712,0.7180952380952381
0.0014433323836129715,2.549992561340332,0.25726919499928064,0.18160442562384962,0.20281380305362118,0.6205714285714287,0.7180952380952381
0.0014221730445878491,2.5712432861328125,0.258635975714867,0.18644089891253235,0.20767560004261879,0.6254285714285713,0.7180952380952381
0.0014931434406368414,2.6362247467041016,0.2625562966889498,0.18561895873060716,0.20760296484555743,0.6094285714285715,0.7180952380952381
0.0014287318372846794,2.5948143005371094,0.2517340907012701,0.17901488697993148,0.19964010712001512,0.6225714285714284,0.7180952380952381
0.0014831564625615923,2.5764236450195312,0.25837405389506235,0.18535233587295616,0.20618847302174106,0.6285714285714284,0.7180952380952381
0.001443009325652544,2.6631016731262207,0.263529887901241,0.1901821802794405,0.21084697969217844,0.6277142857142859,0.7180952380952381
0.001397007191378205,2.6043851375579834,0.25712223279987734,0.1858502647882252,0.20618210510919652,0.6297142857142858,0.7180952380952381
0.0013290570301464813,2.5935158729553223,0.25788665168946867,0.1859843085789016,0.20674321612761212,0.6291428571428571,0.7180952380952381
0.0013842380915704494,2.556878089904785,0.25179183689585766,0.1822752417806401,0.2031043060394509,0.6328571428571429,0.7180952380952381
0.0013303160160860106,2.6133639812469482,0.26417367233631806,0.18842334841805847,0.21087033986458215,0.6240000000000001,0.7180952380952381
0.0013696871195716413,2.5620059967041016,0.26382087257980125,0.19164927931441142,0.21361252339825595,0.6314285714285715,0.7180952380952381
0.0013825712569861394,2.6341750621795654,0.2680997039116966,0.1937294680318422,0.21546068738284088,0.628857142857143,0.7180952380952381
0.001303064418886358,2.6155946254730225,0.2689366356871387,0.19327044022109452,0.21584139811496467,0.6268571428571428,0.7180952380952381
0.0013231661755681383,2.6267168521881104,0.26178581135846263,0.19014380219840987,0.21112740938098534,0.6271428571428571,0.7180952380952381
0.0013108938219731105,2.639697551727295,0.25755528323914306,0.18689863252733385,0.20742168505479477,0.6294285714285716,0.7180952380952381
0.0013332807153562908,2.634176015853882,0.25933045137246824,0.1884021193407784,0.20934335192246306,0.6262857142857143,0.7180952380952381
0.0013202607224092752,2.658541440963745,0.2590212072624626,0.18606106827180557,0.20747356195557135,0.6237142857142857,0.7180952380952381
0.0013226907216607466,2.730062961578369,0.26135684375315715,0.18764193540078092,0.20865018850876682,0.6228571428571429,0.7180952380952381
0.0013033685107118062,2.698725938796997,0.26297163751080804,0.1900813462414224,0.21197182695758315,0.6248571428571428,0.7180952380952381
0.0012835856816860015,2.6852991580963135,0.26056269981152086,0.18883243741292446,0.2095394640180888,0.6262857142857144,0.7180952380952381
0.0012478362843746005,2.691777229309082,0.2597506619293367,0.1856098611477253,0.20727948821889683,0.622857142857143,0.7180952380952381
0.0012866823565309824,2.7003276348114014,0.26284791222886467,0.18956635780795525,0.21133994202863304,0.6262857142857143,0.7180952380952381
