training_loss,validation_loss,precision,recall,f1,accuracy,test_accuracy
0.5634882391512723,2.339355945587158,0.277688060731539,0.18687962872658184,0.2108417591843083,0.5428571428571427,0.7028571428571427
0.01987810155442714,2.4631855487823486,0.25956930500830827,0.18403433237717803,0.2070862818563056,0.6160000000000001,0.7423809523809524
0.03853574673469056,2.7578296661376953,0.2694272192698343,0.18666424084516553,0.20912463777733015,0.5811428571428572,0.7423809523809524
0.008439642313613471,2.409092903137207,0.25156729269957323,0.17956961360666646,0.20240956433820667,0.6131428571428572,0.7423809523809524
0.0018594687998919393,2.4854235649108887,0.2640190874965982,0.18852269435766913,0.21221652144907502,0.6108571428571429,0.7423809523809524
0.0016947500411896247,2.4668006896972656,0.2618692750732134,0.19000303675120517,0.21332908791012137,0.6288571428571428,0.7300000000000002
0.0015506876936386281,2.520984649658203,0.2666432922069486,0.19102959488228066,0.21505040081539292,0.6237142857142858,0.7300000000000002
0.0016019022363742035,2.470996618270874,0.2711224747486863,0.2017715156390231,0.2236513327054526,0.6354285714285715,0.7209523809523809
0.0015212283677294956,2.5061564445495605,0.26321583180569696,0.1905444289616555,0.21381582645337446,0.6308571428571427,0.7209523809523809
0.0014430376378664828,2.5811691284179688,0.2681911684062804,0.19147919235596375,0.21576448765218567,0.623142857142857,0.7209523809523809
0.0014805090950504968,2.565859079360962,0.26624825768749016,0.1907035379082645,0.21441433099593596,0.6242857142857142,0.7209523809523809
0.0014431644462655161,2.553941488265991,0.2640205173883213,0.19085354909089144,0.21427303301896494,0.6285714285714284,0.7209523809523809
0.0014457239503644084,2.5762088298797607,0.27247410348476453,0.19656656271414644,0.22081475095478068,0.628,0.7209523809523809
0.001429490589726632,2.530137538909912,0.2612584364073463,0.18701209639554053,0.2108830192739841,0.6242857142857143,0.7209523809523809
0.0015990907808917103,2.581160306930542,0.26595058627122037,0.19406090479846783,0.21701061806289268,0.6342857142857142,0.7209523809523809
0.0014423593319877975,2.543973684310913,0.2614496502358215,0.18548381737930722,0.2103579082252957,0.6259999999999999,0.7209523809523809
0.0014269840424734881,2.5277833938598633,0.26124454280819925,0.19490579680787634,0.21654203814771908,0.6405714285714286,0.731904761904762
0.0014064584511941458,2.6090450286865234,0.26190020849921536,0.18739622037060408,0.21114584025253116,0.6248571428571429,0.731904761904762
0.0013704857310476216,2.5938098430633545,0.2564773105951145,0.18800349574828762,0.2097266334123161,0.6334285714285713,0.731904761904762
0.0013486564025839128,2.5948548316955566,0.2672412375561963,0.19189711529446965,0.21599597178390156,0.6285714285714286,0.731904761904762
0.001348561256644457,2.614215135574341,0.25798421138194794,0.18648026587913938,0.20958454519625577,0.6262857142857143,0.731904761904762
0.001317499725383736,2.657801628112793,0.25910833564194913,0.1884586923134447,0.21093378689922382,0.6259999999999999,0.731904761904762
0.001378081885530421,2.7116668224334717,0.2650819584551945,0.19271586074821,0.21481164517612528,0.6208571428571428,0.731904761904762
0.0013669222936784197,2.6459412574768066,0.2629294857728038,0.18903996494547687,0.21254559831444597,0.6265714285714287,0.731904761904762
0.0013362149294850558,2.6607718467712402,0.2668275036748993,0.195831035337956,0.21813670485655073,0.6282857142857144,0.731904761904762
0.0013373240214553125,2.6759440898895264,0.2579324967124719,0.18642057767355572,0.20867506814399853,0.624,0.731904761904762
0.0012974690050586686,2.6048777103424072,0.2703649330199709,0.1973717601202567,0.22116026609470224,0.6319999999999999,0.731904761904762
0.0012990943086492734,2.720405101776123,0.26821306107246157,0.1935417872462959,0.2169205825080226,0.6234285714285714,0.731904761904762
0.0012986706823104746,2.6748082637786865,0.2805128831159232,0.20203570220831168,0.22695693661906768,0.6222857142857143,0.731904761904762
0.0013052218456473072,2.6936378479003906,0.2715160657514967,0.19975702573804785,0.22209597430406053,0.6291428571428571,0.731904761904762
