training_loss,validation_loss,precision,recall,f1,accuracy,test_accuracy
0.3221292755928412,4.043451309204102,0.2606093737722951,0.15415105294813058,0.1688994082199882,0.40265680056377734,0.4680952380952381
0.041189969598517256,11.332854270935059,0.26190276256541317,0.19295263075830033,0.18669540577428564,0.24066948555320647,0.4680952380952381
0.01157820081929318,13.4891939163208,0.15178384678384682,0.10721730618808756,0.11051168680137503,0.2571740662438336,0.4680952380952381
0.02200299165005767,8.93474292755127,0.24321958235001712,0.1067035505014251,0.1212594086710361,0.22666666666666668,0.4680952380952381
0.018305933076789127,1.8137589693069458,0.2725297023137471,0.20808280728776143,0.2266285495046755,0.6499083861874559,0.7009523809523808
0.007422349699639717,1.9180930852890015,0.2890992198289646,0.21753638804803277,0.2382123311315465,0.6355673009161381,0.7009523809523808
0.007688850932647661,18.331018447875977,0.2598639455782313,0.1914058612087398,0.19099636523382155,0.22696969696969693,0.7009523809523808
0.015354259431705312,3.2176945209503174,0.2807345332237107,0.18770265984951928,0.2054932024082625,0.5453629316420013,0.7009523809523808
0.00814870521061542,7.593604564666748,0.22598755626705935,0.13274295000629135,0.14514695310178016,0.35875968992248064,0.7009523809523808
0.01014632762813469,15.847155570983887,0.23287833345765616,0.09615984571680965,0.12014799125096744,0.30646934460887953,0.7009523809523808
0.022376284380559924,2.92461895942688,0.2573266848308665,0.16164223670603084,0.1848324954871393,0.5067159971811134,0.7009523809523808
0.010341217108171739,2.400564432144165,0.2904647323160619,0.2140763105817402,0.23486811311108477,0.6034531360112756,0.7009523809523808
0.007814385329177692,92.51919555664062,0.18409090909090908,0.21212121212121213,0.18603553275528348,0.18636363636363634,0.7009523809523808
0.007594226747036663,4.3209333419799805,0.3151609828896186,0.21381550487005838,0.234583494666438,0.4474841437632135,0.7009523809523808
0.007385345232833096,2.000865936279297,0.29103627562135964,0.219372016252081,0.24091923122980005,0.631430584918957,0.7009523809523808
0.006992841053207777,1.9455393552780151,0.2751687712121886,0.20102667813018674,0.22496386909880517,0.6391050035236082,0.7009523809523808
0.007123606235247344,2.8579442501068115,0.26954626037742924,0.1808788902272167,0.19975000259006986,0.5535870331219168,0.7009523809523808
0.007093151790476507,2.3390932083129883,0.2660606653253712,0.18744731456072464,0.2115095479321174,0.595877378435518,0.7009523809523808
0.007029032226401191,1.939388394355774,0.2878461709692533,0.22247217679561332,0.24201661005675784,0.6486962649753348,0.7009523809523808
0.006994666586475034,2.011752128601074,0.26681150943842324,0.19859732757012025,0.21886261500559925,0.6350599013389712,0.7009523809523808
0.007495859990221549,11.127697944641113,0.21191555358222025,0.11540725853206157,0.13141565743057457,0.3118181818181818,0.7009523809523808
0.011153345325228962,1.913993000984192,0.27243257472869775,0.2049185070360864,0.22513311566070074,0.6517406624383368,0.6933333333333334
0.007581761925657648,7.478978633880615,0.27067839567839574,0.09398540713454218,0.12913998972100763,0.31918957011980265,0.6933333333333334
0.019104782490688192,2.2232859134674072,0.29318202933216103,0.21597678208634477,0.23901871358530694,0.6246793516560958,0.6933333333333334
0.007170198736664153,2.735914468765259,0.2758145363408521,0.1904293746074537,0.21263183850061512,0.5694785059901338,0.6933333333333334
0.007357772702242009,9.024715423583984,0.26092992828067463,0.09759815061787108,0.12339307402430769,0.3066243833685694,0.6933333333333334
0.008320903105983445,5.063325881958008,0.23724968119754902,0.13472700078275138,0.15822866908474215,0.4600634249471458,0.6933333333333334
0.013455711740195638,7.706027984619141,0.24378815295561673,0.14415755111359554,0.15770216401774464,0.28272727272727266,0.6933333333333334
0.012574626693383429,9.892717361450195,0.2483330399000256,0.1457167017651327,0.15927665453206108,0.3700493305144468,0.6933333333333334
0.010508073923602363,2.096465826034546,0.31052383843304565,0.23463301962740865,0.25761634026886016,0.641444679351656,0.6933333333333334
