training_loss,validation_loss,precision,recall,f1,accuracy,test_accuracy
0.3243808247275643,2.0746052265167236,0.25507581757581754,0.1615718930478626,0.18890444042581922,0.57990990990991,0.5519047619047619
0.028959122636544248,2.318706512451172,0.2593877888424453,0.17492886340342945,0.19923974045187684,0.5756756756756757,0.5519047619047619
0.00840124715162036,1.9665130376815796,0.27843292544379505,0.19097911713980292,0.21555305158898463,0.6283783783783785,0.6638095238095238
0.006419193666776175,2.0479912757873535,0.27082274889979496,0.17837008738971796,0.20536016719037223,0.6215315315315315,0.6638095238095238
0.00609307680782233,2.064973831176758,0.2669955421400168,0.1852092096227695,0.2109460964006672,0.6353153153153153,0.6595238095238096
0.005914108850947834,1.9929412603378296,0.2753035021292261,0.18250004928370173,0.20912543663156827,0.6393693693693695,0.6680952380952382
0.005791943683783169,2.0326976776123047,0.2697851272646999,0.18084983711918856,0.20799061108043318,0.62990990990991,0.6680952380952382
0.00591003449340053,2.0460784435272217,0.27404044153709867,0.1845451690549197,0.21121431847174285,0.6312612612612613,0.6680952380952382
0.005730036564909266,2.092543840408325,0.2641549461768031,0.18536738378669665,0.21002195341081425,0.6396396396396397,0.6695238095238096
0.005753299859526014,2.114051103591919,0.27682909598279015,0.18721790396621013,0.21309417567404274,0.6363963963963963,0.6695238095238096
0.005790491438569348,2.069941759109497,0.270314978861642,0.18233319727348016,0.20760315026289639,0.6369369369369369,0.6695238095238096
0.0057592890922304645,2.100402355194092,0.2708066431851598,0.18467277700874565,0.21023192044418312,0.6434234234234233,0.6723809523809524
0.005717083071589819,2.1226918697357178,0.26891543146439895,0.1823401479792682,0.20784886295551766,0.630990990990991,0.6723809523809524
0.005753629417987029,2.099029302597046,0.2719290981177491,0.18437192823042955,0.2098286193033418,0.6418018018018018,0.6723809523809524
0.005768699339905317,2.100125312805176,0.27579453700114304,0.18753041597926207,0.21406946290159662,0.6363963963963964,0.6723809523809524
0.005667061116463738,2.0796704292297363,0.2734726908662,0.18852170186048875,0.21567596229639852,0.6382882882882883,0.6723809523809524
0.005663160547916247,2.060171365737915,0.2727015542712474,0.18899230375833048,0.2156876445121431,0.6436936936936939,0.671904761904762
0.005583419570126196,2.1104254722595215,0.2796627016013632,0.19134434291928432,0.21726331129825646,0.6436936936936937,0.671904761904762
0.005651295533726422,2.1319973468780518,0.2791589035947796,0.1955545602320102,0.2220018148831022,0.6463963963963963,0.6757142857142858
0.005592966766717801,2.145954132080078,0.28122125476066684,0.19334522012359695,0.2203095844882272,0.638828828828829,0.6757142857142858
0.005661093518490049,2.110135555267334,0.2731979093310054,0.1896961603217444,0.21567326727944322,0.6450450450450451,0.6757142857142858
0.005764284611958826,2.0944364070892334,0.27768033942285525,0.19011893939115695,0.21674148875698926,0.6461261261261262,0.6757142857142858
0.005620347917649496,2.1364285945892334,0.2782813544834005,0.1929651465026028,0.21950757200305385,0.6428828828828831,0.6757142857142858
0.005677781765883209,2.186445474624634,0.27780893838598447,0.19045743120308398,0.21604475216368246,0.6420720720720721,0.6757142857142858
0.005592817504560764,2.1748111248016357,0.28353923198323844,0.1955271005065058,0.22218445457784944,0.6496396396396396,0.6647619047619048
0.005579945566628367,2.219151258468628,0.276529899374048,0.19452861907505484,0.2204532890568946,0.6418018018018018,0.6647619047619048
0.005563226392713666,2.086195707321167,0.2777726843903315,0.19183275479903264,0.21816114967236674,0.6518018018018019,0.6704761904761904
0.005645259571529207,2.1242642402648926,0.2744097928846357,0.1899559591688141,0.21622852582245722,0.6504504504504506,0.6704761904761904
0.005636996715318223,2.1775355339050293,0.27495736344219346,0.18976133671337195,0.21515818928043098,0.6445045045045046,0.6704761904761904
0.0055699174877929985,2.2029831409454346,0.2750372602927987,0.1955569676545641,0.22041537925458468,0.645045045045045,0.6704761904761904
