training_loss,validation_loss,precision,recall,f1,accuracy,test_accuracy
0.5754004188476165,3.7879676818847656,0.26409953158512145,0.1331118323678257,0.16696150099809812,0.40477477477477486,0.4071428571428571
0.041369934800697075,2.068211317062378,0.2816429346319907,0.2048935205556331,0.22741826753100555,0.6443243243243243,0.6704761904761906
0.007042990297602598,2.0255634784698486,0.2755836790579546,0.19566161522304393,0.22078184096838732,0.6481081081081083,0.6747619047619049
0.006243736576643065,2.0837957859039307,0.28349110933380595,0.20229510251196084,0.22754830523198652,0.6472972972972973,0.6747619047619049
0.006158532925848949,2.03593373298645,0.2756939152465895,0.19795589790075527,0.22314916707991478,0.647027027027027,0.6747619047619049
0.006035748523319746,2.0780105590820312,0.2751144647617154,0.1916320039324692,0.21749359010736766,0.6435135135135137,0.6747619047619049
0.005882602799295535,2.0913333892822266,0.2846007446007445,0.19596952118814315,0.22178754762066605,0.6391891891891891,0.6747619047619049
0.005775007067122138,2.0171120166778564,0.26838807006621124,0.1924749777089076,0.21734778668820498,0.6489189189189191,0.696190476190476
0.025757069022339985,4.856092929840088,0.2196242685373121,0.11172368715364207,0.1333661535141772,0.3786486486486486,0.696190476190476
0.018154654271938388,2.669482469558716,0.2833484422749754,0.19963183624273315,0.22437870491372483,0.6021621621621621,0.696190476190476
0.0062168739559917184,2.2976620197296143,0.27903066439298324,0.1965554261036002,0.22185251510957038,0.6351351351351352,0.696190476190476
0.005903900954054605,2.234090566635132,0.2686376594842306,0.18922080662221447,0.2145952230708848,0.6394594594594594,0.696190476190476
0.0058040048502864755,2.2877016067504883,0.2839654181909864,0.20326780416580364,0.2271426620072914,0.6435135135135135,0.696190476190476
0.005835842450009656,2.373641014099121,0.282610681930611,0.20284002372999463,0.22789256105304126,0.6402702702702705,0.696190476190476
0.005702690183177928,2.3090710639953613,0.277519652186668,0.19954913892139753,0.2244136520754903,0.6437837837837841,0.696190476190476
0.005692946951328437,2.285757303237915,0.2749222249830769,0.19783545964806645,0.2218773154868079,0.6421621621621623,0.696190476190476
0.005658947122488093,2.320099115371704,0.27945783945783936,0.19460759454675466,0.2194153396798834,0.6383783783783785,0.696190476190476
0.005661413438714876,2.3437728881835938,0.26841910591910584,0.19177916296897188,0.2159183428833145,0.6432432432432433,0.696190476190476
0.005695872075302424,2.334923505783081,0.2754413393702597,0.19953296970176945,0.22295231976745974,0.641891891891892,0.696190476190476
0.00568935400390706,2.364156723022461,0.2730636149601666,0.1959434782021243,0.22056402631917763,0.6451351351351352,0.696190476190476
0.005824295617739896,2.4255528450012207,0.2795264138153397,0.19349395910363137,0.21919108591273223,0.6367567567567567,0.696190476190476
0.005732693575077091,2.3745739459991455,0.27922245422245423,0.19603775894696315,0.22075949439207532,0.6432432432432433,0.696190476190476
0.005664033890262677,2.4157822132110596,0.2908873785600128,0.20771729837924624,0.23388141583698496,0.6459459459459459,0.696190476190476
0.005815498475056335,2.389437437057495,0.27812431070576427,0.19415214522516436,0.21940396999983144,0.6386486486486487,0.696190476190476
0.005600915385490962,2.390495538711548,0.28660744827624623,0.20181716917483736,0.22755813879507647,0.647027027027027,0.696190476190476
0.005634819204646032,2.346280574798584,0.28169125169125164,0.19827327789606358,0.22448888976940867,0.6464864864864867,0.696190476190476
0.005712753001408175,2.4088478088378906,0.2869234619234619,0.20228066613195256,0.22849022420278628,0.6443243243243244,0.696190476190476
0.005667576298562096,2.428192615509033,0.286256793617042,0.20088712580891874,0.2266796682059011,0.6413513513513514,0.696190476190476
0.00566784450400264,2.3903465270996094,0.28904865380020656,0.20603851133824683,0.23118945709743513,0.6437837837837836,0.696190476190476
0.005648503366666777,2.412740468978882,0.28380242880242884,0.20082199908496678,0.225583187206251,0.6445945945945946,0.696190476190476
