training_loss,validation_loss,precision,recall,f1,accuracy,test_accuracy
0.5344684079022284,7.604027271270752,0.2125789440625708,0.08690377548468683,0.10964769585796785,0.24200000000000008,0.350952380952381
0.07720690310155356,4.568261623382568,0.2159053553025947,0.11801087366382933,0.1390206583407084,0.36314285714285705,0.47095238095238096
0.03739567637544188,3.0790491104125977,0.2772662842914944,0.19084547820445105,0.2114196521015044,0.5045714285714287,0.6223809523809523
0.004666728065539322,2.6447370052337646,0.2535259066032429,0.17732141164067297,0.196884890212026,0.570857142857143,0.728095238095238
0.0021368791421267075,2.2630441188812256,0.25701770130686713,0.18126490486020883,0.2066367068870433,0.6171428571428572,0.7276190476190477
0.0020176376768781972,9.507800102233887,0.2386944847625462,0.0951393908920524,0.12451488078564123,0.3186666666666667,0.7276190476190477
0.0025083997580764277,2.1983301639556885,0.2682101646156018,0.19329545990440977,0.21729220011793102,0.6165714285714287,0.7276190476190477
0.0017383503873134032,2.2340240478515625,0.2752950915121313,0.19729433377333416,0.22135632627602225,0.6117142857142858,0.7276190476190477
0.0040014355384616115,51.03916931152344,0.1388287740628166,0.14166666666666666,0.13789851569055678,0.1577142857142857,0.7276190476190477
0.041552080603759825,3.54373836517334,0.23346018267446839,0.13379356209102541,0.1571043860377115,0.4588571428571429,0.7276190476190477
