training_loss,validation_loss,precision,recall,f1,accuracy,test_accuracy
0.5627692249902653,2.980010509490967,0.2769814879002076,0.19084163938945764,0.20179552492648367,0.4782986111111111,0.6123809523809524
0.049233097065456886,2.6637001037597656,0.26382451584598005,0.17284368291234048,0.19188509535757137,0.5351736111111112,0.5985714285714286
0.006144076957449822,2.069901943206787,0.2593337967133034,0.18011744280503808,0.20317605169548145,0.6112500000000001,0.6980952380952382
0.004191680704964274,2.0797717571258545,0.24942128803323213,0.1763090578152127,0.1974328995194501,0.6237847222222223,0.7057142857142857
0.0038178528711648504,2.102688789367676,0.24759176921074286,0.17567327058516516,0.19603790692788248,0.6243402777777776,0.7104761904761905
0.004174083749481591,2.2841122150421143,0.25408616666746986,0.17836238109260147,0.19881470473697052,0.6066319444444443,0.7104761904761905
0.0038513291796338366,2.240856885910034,0.2702977710534031,0.19347650314841416,0.21554660307689238,0.6257986111111111,0.7147619047619047
0.0036296999704699545,2.211399555206299,0.2595404607206686,0.1866881243880552,0.20694803802849826,0.6263541666666668,0.7109523809523809
0.003564940022992846,2.198421001434326,0.25362661678803383,0.1824469494678065,0.20254278777927476,0.6285416666666667,0.7057142857142858
0.003659539816612593,2.236198902130127,0.252605001413142,0.18160733435463927,0.20049385585059057,0.6240972222222222,0.7057142857142858
0.0036131716973432787,2.2335917949676514,0.24950357756089922,0.17690970543580253,0.1973340073421741,0.6252083333333334,0.7057142857142858
0.0035425719434071163,2.282970428466797,0.2488115047414564,0.17699166398062596,0.19689278826777912,0.622986111111111,0.7057142857142858
0.003548379910590369,2.3126261234283447,0.2544213868227556,0.18133778806082007,0.20131400875302058,0.6207638888888888,0.7057142857142858
0.0035093930278184034,2.3388867378234863,0.2530733903589755,0.17971675370248885,0.20005916432816515,0.6177083333333333,0.7057142857142858
0.0037783889653331326,3.7022392749786377,0.2558948970004113,0.14874385458391515,0.17503141874282008,0.4771527777777778,0.7057142857142858
0.0036135498959597536,2.3626949787139893,0.2560766442243793,0.1819334481921671,0.2028193183645993,0.6245833333333334,0.7057142857142858
0.003533148832855851,2.3328700065612793,0.24726351639675867,0.17546606900752681,0.1966101818909427,0.6221180555555554,0.7057142857142858
0.003470434530576187,2.3689358234405518,0.2478733133770702,0.1756245868571637,0.19586621928200515,0.6154166666666665,0.7057142857142858
0.003503316172206605,2.337392807006836,0.24944476794340925,0.17727321219158043,0.1977545923027848,0.6215972222222222,0.7057142857142858
0.0034577372157372803,2.3391287326812744,0.248731582535346,0.17553629516520997,0.1964684364628787,0.6176388888888887,0.7057142857142858
0.003425851683108541,2.3919150829315186,0.2542471491948143,0.180958752780508,0.2015981372658043,0.6168402777777777,0.7057142857142858
0.00345507920210514,2.368590831756592,0.2469149149779376,0.17329125827876687,0.19388136903842867,0.6121180555555557,0.7057142857142858
0.003380954251736242,2.3658323287963867,0.25198097661865776,0.17828699632667033,0.19910043455185095,0.6182291666666667,0.7057142857142858
0.0033640235447141152,2.4234237670898438,0.2601892819170899,0.18489982603449634,0.20591291059034106,0.6179513888888888,0.7057142857142858
0.0034150073976560377,2.3821232318878174,0.25168703225265227,0.17871785307718024,0.19924534714038,0.6204513888888888,0.7057142857142858
0.0033614632080028934,2.4781734943389893,0.25685901937655087,0.18014047727273888,0.2012898492039537,0.6101736111111112,0.7057142857142858
0.0033330616914682425,2.434126853942871,0.2557790343365392,0.18077697603262521,0.20166487777737285,0.6163194444444445,0.7057142857142858
0.0032963999101478913,2.4205033779144287,0.25349879190199176,0.17819626027660995,0.19889307468482398,0.6168402777777778,0.7057142857142858
0.003317889278174719,2.440066337585449,0.2555653023245616,0.1807621757313788,0.20139214155059748,0.6162847222222223,0.7057142857142858
0.003363833431594953,2.4109127521514893,0.25575960926076674,0.18219731067493006,0.20294801248937452,0.6209722222222221,0.7057142857142858
