training_loss,validation_loss,precision,recall,f1,accuracy,test_accuracy
0.5377653092598385,2.4605343341827393,0.2749600692388088,0.17036230620951354,0.1914023669906896,0.4786111111111111,0.5333333333333334
0.08884325708679267,1.7307085990905762,0.2667512091360701,0.1887684637185133,0.20887204638255166,0.5781597222222223,0.6985714285714287
0.008468218262225808,1.751734972000122,0.27260643645735205,0.1919111660298362,0.2135703285937186,0.6158333333333333,0.7276190476190477
0.05230673401287063,2.5868148803710938,0.2602689357108108,0.15684934450103738,0.18041288510353434,0.5150694444444445,0.7276190476190477
0.008925206259459537,2.058896780014038,0.26754626305038953,0.19307928086093218,0.2134510826938179,0.6008333333333334,0.7276190476190477
0.005064834061920971,2.0092687606811523,0.2547562482595377,0.18169693711876436,0.19983579868035597,0.6014930555555555,0.7276190476190477
0.004082661070430257,1.9650503396987915,0.2579010620285682,0.18654314517959497,0.20478045126917233,0.6103472222222223,0.7276190476190477
0.003979725322314031,2.021179676055908,0.25947380818915644,0.1862585499253024,0.20458217110170845,0.6042708333333333,0.7276190476190477
0.003858126004937959,2.063918113708496,0.27160270562556,0.19874530951610792,0.21800213869669657,0.6109375,0.7276190476190477
0.0038178900215159236,2.0622265338897705,0.25025158897110117,0.18053837723994687,0.19855014528295206,0.6109374999999999,0.7276190476190477
