training_loss,validation_loss,precision,recall,f1,accuracy,test_accuracy
0.31745720547728046,1.782880425453186,0.2849183907046431,0.20113828634022743,0.220792282091097,0.5950000000000002,0.7114285714285715
0.018724937731637577,1.9343980550765991,0.25950030571598076,0.17512817977060824,0.20202552641189034,0.6113541666666666,0.6999999999999998
0.004055043514754067,1.8582082986831665,0.2614397129465822,0.18432462128012309,0.2090692473139135,0.6322222222222224,0.7376190476190476
0.0037779517326263765,1.874735713005066,0.2575822368421053,0.1803927459296138,0.20511793962755664,0.6311458333333333,0.7376190476190476
0.003931137863086095,1.9089847803115845,0.25690470770772633,0.18038328936373998,0.20423767804534718,0.6339583333333333,0.7304761904761904
0.00379410258877518,1.9190706014633179,0.26658530168714417,0.19012316273363,0.21293676522858734,0.6356250000000002,0.741904761904762
0.003628745159464482,1.9150112867355347,0.2684219266275021,0.19223866948766505,0.2155355679888473,0.6403472222222223,0.7438095238095238
0.0036135611933840613,1.9008698463439941,0.2715208116588019,0.19363109340630966,0.2181094676743346,0.638611111111111,0.7438095238095238
0.003583303615847044,1.9024105072021484,0.2709410065690259,0.1968054605760239,0.2194823964503934,0.6453819444444444,0.7442857142857142
0.003632586843521243,1.9210773706436157,0.2757858846400513,0.20248575247135744,0.22557985370153308,0.6489930555555556,0.7480952380952383
0.0035030727105939932,1.9842987060546875,0.2784990391955567,0.19739474231890206,0.22250505817450572,0.6278125,0.7480952380952383
0.0035337564955113514,1.9912168979644775,0.2717928143479615,0.19617149622535796,0.2176026059102156,0.6367708333333334,0.7480952380952383
0.0035718351481669164,1.9881702661514282,0.2817351046759894,0.20388820009399333,0.22819876153653912,0.6364930555555557,0.7480952380952383
0.0035145136521461564,1.9481362104415894,0.2650345958132815,0.19154479740728206,0.21436516231006478,0.6403819444444445,0.7480952380952383
0.003450478349218133,2.0718605518341064,0.2827776395645978,0.20746950159830446,0.22947541175688788,0.6313541666666668,0.7480952380952383
0.0034649259533890892,2.0694141387939453,0.2827678781182991,0.20475612138635493,0.22755637716484756,0.6342708333333332,0.7480952380952383
0.003435424388779144,2.038477897644043,0.28191493263972256,0.20536143940200524,0.22843714694667897,0.6334374999999999,0.7480952380952383
0.04103832748552396,3.7743823528289795,0.22545842411038494,0.10573883128218742,0.12835301035988889,0.3760416666666667,0.7480952380952383
0.02773151582774088,2.3006644248962402,0.2502161328897439,0.18354856795464625,0.20151716411870238,0.6258680555555556,0.7480952380952383
0.004025641585803526,2.107226848602295,0.25173743009391164,0.18133927363279473,0.20197311462524048,0.6327777777777778,0.7480952380952383
0.0035599995650651786,2.1814610958099365,0.24736439625999582,0.17902580675301683,0.19810321218262314,0.6322222222222224,0.7480952380952383
0.0035289903699736247,2.254460096359253,0.24750252338589762,0.1687581659906983,0.19147594027961326,0.6024652777777777,0.7480952380952383
0.003547620266959061,2.2152957916259766,0.24594199374529543,0.17562701888027232,0.194712889074744,0.6213541666666667,0.7480952380952383
0.0034879657334535874,2.239029884338379,0.25623396051737124,0.18685619911004514,0.2064731193798761,0.6319444444444444,0.7480952380952383
0.003439019154145201,2.215100049972534,0.2545364412325464,0.18432961401063339,0.20363769415071137,0.6325,0.7480952380952383
0.0034598329382352247,2.1580326557159424,0.2539114408389619,0.18351444596083596,0.2037553123676155,0.6344444444444444,0.7480952380952383
0.003439024599817746,2.1438698768615723,0.24596596596596598,0.17668808808150982,0.19697412658041308,0.6327777777777777,0.7480952380952383
0.0034472387752292506,2.320761203765869,0.2524272523047033,0.1829045574645436,0.20218184637111147,0.6277777777777778,0.7480952380952383
0.00343747747114676,2.2796337604522705,0.2623605009077883,0.1921658713596664,0.2120337338071762,0.6322222222222221,0.7480952380952383
0.0034271195284051414,2.2730464935302734,0.2621866063980301,0.19052320474733175,0.21115672101662444,0.6321874999999999,0.7480952380952383
