training_loss,validation_loss,precision,recall,f1,accuracy,test_accuracy
0.5644346402410199,12.276556968688965,0.12522315067377762,0.04004438670712869,0.05323823431115196,0.1127272727272727,0.19666666666666666
0.09025032692314948,3.498478412628174,0.2596511653329835,0.16433204410373556,0.1815611213120217,0.4725933756166315,0.5380952380952381
0.025162308919243516,2.000215530395508,0.2949388574388575,0.2103295959553096,0.23529411136317613,0.644355179704017,0.6533333333333333
0.03797167493041842,2.740072727203369,0.266856791025589,0.17067756491084207,0.19670155571865683,0.5499436222692036,0.6533333333333333
0.008628190818297512,2.142563581466675,0.2925622816118684,0.210423370943352,0.23529476557248602,0.6310359408033828,0.6533333333333333
0.007745013639471247,2.049268960952759,0.29398226572139613,0.22296390444033895,0.2442976710367822,0.6623255813953488,0.6823809523809524
0.007759252084988654,2.312077283859253,0.264261445625082,0.17888702486325422,0.20165135137872675,0.5789006342494715,0.6823809523809524
0.010999253764962571,2.0501582622528076,0.2741377309559129,0.20472428012709634,0.22491889258034273,0.6466807610993657,0.6823809523809524
0.007655122195223264,2.056394577026367,0.2911014193103746,0.21514677379514027,0.2376545362706564,0.6450599013389711,0.6823809523809524
0.007882533211230504,2.1439433097839355,0.2890346037404862,0.21357180962564729,0.2374809668816267,0.6398097251585624,0.6823809523809524
