training_loss,validation_loss,precision,recall,f1,accuracy,test_accuracy
0.601469700957632,9.550004959106445,0.2183397410670138,0.09592306118567377,0.10932680810184571,0.18737138830162087,0.22904761904761908
0.07075050329812252,9.616728782653809,0.19721130137199,0.07304633126504419,0.08699898735853949,0.19164904862579282,0.23238095238095238
0.01869294759623109,3.6350150108337402,0.22510476425110576,0.1302659897487148,0.15467348447130239,0.5108033826638477,0.5104761904761905
0.0132127500812124,9.934983253479004,0.22188067684564092,0.14242841724768662,0.14820621926842636,0.31615926708949965,0.5104761904761905
0.01937879265354454,2.053617000579834,0.2758244448316814,0.1982842654827545,0.2224647217771949,0.6441789992952784,0.7223809523809523
0.007578895687301653,2.4942147731781006,0.298136155282767,0.2160149531577209,0.23635030752550462,0.6076039464411559,0.7223809523809523
0.007455069726021089,2.0634353160858154,0.2763972571270907,0.19891580331347006,0.22285251254829191,0.6460958421423537,0.7038095238095238
0.007350787551410381,2.109304904937744,0.2889911014911015,0.20857315049060396,0.23443283640710666,0.653770260747005,0.7057142857142857
0.007925753570029085,10.425652503967285,0.19541202222361645,0.07374624692981077,0.09674529525679247,0.2751444679351656,0.7057142857142857
0.02628602497229559,1.9385799169540405,0.2681069428508609,0.19977364701622738,0.22003938080494997,0.6382100070472163,0.7057142857142857
0.009005681880241105,13.226649284362793,0.18834579239876958,0.08245396453783876,0.09410533282160362,0.21040169133192385,0.7057142857142857
0.017917045137487753,2.2225217819213867,0.2637445887445888,0.18224344537959797,0.20682029013350914,0.6277237491190978,0.7057142857142857
0.007533899167887126,3.9898931980133057,0.2925182231528715,0.19607237165973282,0.21987195435950999,0.5504157857646231,0.7057142857142857
0.019022413307316514,1.9755247831344604,0.2934923889297395,0.21993384411606687,0.2430785274362019,0.6571106412966877,0.6919047619047619
0.008165962102377676,6.895162582397461,0.2871829769557043,0.18936298424366027,0.2074583448942321,0.45515151515151514,0.6919047619047619
0.011576482477499143,9.566841125488281,0.16735759353061405,0.062029771642294625,0.0743431102746812,0.21134601832276254,0.6919047619047619
0.016857051934253558,2.2784712314605713,0.2697175660132433,0.19452973528895695,0.21791315598266228,0.6502114164904864,0.6919047619047619
0.007459247465334272,2.2728278636932373,0.27164119550483184,0.19609042606727378,0.21891438761816645,0.6510218463706836,0.6919047619047619
0.007896010833312348,20.92952537536621,0.21697691197691202,0.09002182947325921,0.11552152169339419,0.29528541226215643,0.6919047619047619
0.02285327811277141,11.313095092773438,0.2777232335130186,0.20628312766169413,0.21327970783759448,0.3939323467230444,0.6919047619047619
0.020236802845259062,12.423054695129395,0.2503736459618812,0.16482178066729658,0.17639171938613474,0.31346018322762514,0.6919047619047619
0.01577210971177808,7.317119598388672,0.281440585228464,0.1791759002864675,0.1952959997756235,0.439647639182523,0.6919047619047619
0.010766296585903543,30.417295455932617,0.24671717171717175,0.1797495163686795,0.17362119357548614,0.2275757575757576,0.6919047619047619
0.019823675705828044,5.081313610076904,0.23954394838233223,0.12057450128182207,0.14434863647898719,0.45615221987315,0.6919047619047619
0.013365017740014,10.435121536254883,0.18472041218556898,0.09879679523056244,0.1109462736461824,0.2797463002114165,0.6919047619047619
0.013341202399810332,2.5868136882781982,0.2800603436967073,0.20477252129995266,0.22440522007497796,0.6283298097251587,0.6919047619047619
0.007416360910740875,20.652246475219727,0.29914673464201763,0.1440799560299381,0.14914263963661256,0.2421212121212121,0.6919047619047619
0.007880903472984774,4.285343170166016,0.27784326784326785,0.19079905873559638,0.20818456646390224,0.5343551797040169,0.6919047619047619
0.007466479915511399,3.0914721488952637,0.3247539138614527,0.2486467316834597,0.2630298622579574,0.597906976744186,0.6919047619047619
0.007228684813854622,2.463414192199707,0.2754118135098997,0.20850980451136392,0.2262563369929082,0.6405426356589148,0.6919047619047619
