training_loss,validation_loss,precision,recall,f1,accuracy,test_accuracy
0.5599365314942669,2.6077263355255127,0.258361263710101,0.15500424612403166,0.17985825902807845,0.5220648343904157,0.5204761904761904
0.043583185763129986,8.072019577026367,0.28181818181818186,0.12678863489717848,0.15129352564318024,0.26818181818181813,0.5204761904761904
0.029875784267049607,12.161958694458008,0.18650050929462694,0.0652767601635633,0.0841921756686795,0.20797744890768147,0.5204761904761904
0.03302011955451382,2.9523653984069824,0.27812206616554447,0.1837834091297305,0.2119114790317618,0.5355250176180409,0.6352380952380953
0.014307440304184398,2.5478217601776123,0.28205465014288544,0.20732026177251292,0.22929685236273595,0.5940521494009867,0.6342857142857142
0.0076681283467376175,2.0586118698120117,0.26633180809408347,0.20233283014696138,0.2226551430269247,0.6637561663143058,0.6680952380952381
0.00853972687914294,9.729615211486816,0.1613856555090322,0.047960528425933555,0.06218859565948434,0.18828047921071173,0.6680952380952381
0.020823685299546923,7.266692638397217,0.18313169896057604,0.07417292455708208,0.08959619646303335,0.2449471458773784,0.6680952380952381
0.01286271198053272,3.404764413833618,0.27123917748917753,0.175826191328317,0.20302972538651756,0.5371458773784353,0.6680952380952381
0.007556011958285587,2.5064077377319336,0.28490364270365826,0.20532789816835845,0.22765122077417607,0.6193375616631429,0.6680952380952381
0.00739898489362897,4.001674652099609,0.2733015153577237,0.17803227262012863,0.19455459435242523,0.49377730796335445,0.6680952380952381
0.008707744097150492,53.172420501708984,0.045,0.045454545454545456,0.045223811721273655,0.05969696969696969,0.6680952380952381
0.01658458098353669,2.1926205158233643,0.28749098124098127,0.2196608366804297,0.24149098924726203,0.6675968992248063,0.7080952380952379
0.009486522223668449,28.289066314697266,0.13759871441689625,0.05787585153864224,0.07077469594787592,0.12600422832980973,0.7080952380952379
0.01619601960840033,3.095064163208008,0.24452801332041504,0.14974629812631304,0.17629817609535584,0.5505778717406624,0.7080952380952379
0.007461253800223969,4.769781112670898,0.23974169306233148,0.13607414280708532,0.15972302869727834,0.48025369978858357,0.7080952380952379
0.00974542691512085,2.372234582901001,0.2989410318117858,0.22662592414553143,0.24932118227557082,0.6474982381959125,0.7080952380952379
0.0071523020562454685,10.067892074584961,0.2895756345317748,0.15636962953231312,0.17713777497193164,0.3694432699083862,0.7080952380952379
0.00758420344718759,5.012876510620117,0.2429398631951352,0.12750279937836612,0.1468579301012259,0.4610288935870331,0.7080952380952379
0.013646465751646472,2.3954145908355713,0.3008260234361298,0.22986446159317006,0.24999212185338562,0.6526638477801269,0.7080952380952379
0.0070794624999351435,4.936211585998535,0.2697064730132195,0.17666124100111713,0.19560528540350897,0.502029598308668,0.7080952380952379
0.013709939906247732,2.240570306777954,0.3342440275773609,0.2513254486207282,0.27906958828005385,0.6739746300211418,0.6876190476190476
0.008483218379567762,7.926979064941406,0.1774920255183413,0.0708323294736931,0.08154522255744434,0.21,0.6876190476190476
0.013198766749751333,2.2909188270568848,0.28745772674344106,0.20696880059903414,0.2336911934945718,0.64276955602537,0.6876190476190476
0.007104015809178825,10.007161140441895,0.2986485152274626,0.12576378584614387,0.15700685228283814,0.326539816772375,0.6876190476190476
0.008091439988736111,2.4706995487213135,0.3101491876673182,0.23658017826369168,0.26131166178144893,0.6566102889358704,0.6876190476190476
0.007923784174238896,11.258296012878418,0.18145809180033642,0.06590145518032366,0.07678243353966488,0.18698379140239604,0.6876190476190476
0.010770881833798486,2.4008138179779053,0.30742938038392587,0.23602720935540988,0.260279609066482,0.66892177589852,0.6876190476190476
0.0070448901860692475,2.8384523391723633,0.3028306878306879,0.21552812178089392,0.2412765574763102,0.6355038759689923,0.6876190476190476
0.006991673165032913,4.587555885314941,0.3155739647453369,0.21848247538906293,0.23627463848109298,0.550415785764623,0.6876190476190476
