training_loss,validation_loss,precision,recall,f1,accuracy,test_accuracy
0.31641906747905374,8.83834171295166,0.2804113011876086,0.14365470456528412,0.15936001437771238,0.34276955602536996,0.2928571428571428
0.05105801072488635,6.5738959312438965,0.22862485998849633,0.12839304620064365,0.14082482664572624,0.3871106412966877,0.43428571428571433
0.01802721223696337,4.481379508972168,0.265241598088488,0.1554711842010805,0.17638062236408483,0.4746652572233966,0.5195238095238096
0.018661186922534406,2.7470192909240723,0.26767521702057273,0.1909752106051407,0.21150562321372327,0.582938689217759,0.6171428571428571
0.008755919237008657,7.8769941329956055,0.25323194518022984,0.16580669824240235,0.1809215455769769,0.3409372797744891,0.6171428571428571
0.01927646257407453,5.728912830352783,0.2827413586237116,0.188835325973394,0.2022931348041872,0.48899929527836505,0.6171428571428571
0.01787822253688697,10.477076530456543,0.2941286133221618,0.12057655341346378,0.15059119049706776,0.2802818886539817,0.6171428571428571
0.010438315308265715,2.2724907398223877,0.27811708246200223,0.19888124760033185,0.22217010637314658,0.6276955602536998,0.6761904761904762
0.007481887661217018,5.562618732452393,0.2637603137603138,0.14406231124872892,0.1687473360428453,0.3967935165609584,0.6761904761904762
0.009016933103456895,10.620560646057129,0.296109240553685,0.10711256484297044,0.1311534092424318,0.26775193798449604,0.6761904761904762
0.011737947111237773,2.2368881702423096,0.2735015570458609,0.20173653949530054,0.2248062487621603,0.6314517265680054,0.690952380952381
0.007328459846022741,3.608694314956665,0.2588846146489685,0.16751353097892846,0.1911756215783381,0.5385412262156449,0.690952380952381
0.008647342620867587,12.831897735595703,0.20686565521594819,0.06924049480123162,0.08571990006163964,0.1870683579985905,0.690952380952381
0.013165052168994211,2.497657299041748,0.25818373545646267,0.18172158663300036,0.20723218791954803,0.6271176885130374,0.690952380952381
0.009773351033805663,2.374436378479004,0.2644732693715445,0.19205109252589292,0.21554213672187922,0.633875968992248,0.6904761904761904
0.014006397165907136,15.115216255187988,0.2239157283483525,0.12980827885071186,0.13326779826094803,0.2705708245243129,0.6904761904761904
0.015666634929340003,2.9603869915008545,0.24371324172460543,0.15795961007574688,0.18275551487385486,0.5886257928118395,0.6904761904761904
0.00833391829295349,7.378000259399414,0.25652588152588157,0.13473841944261544,0.15560034123434835,0.36491190979563076,0.6904761904761904
0.01579477631619297,2.7191007137298584,0.24592148123793692,0.1644090767323553,0.1867971060608073,0.5909584214235378,0.6904761904761904
0.007627418324901578,2.524134635925293,0.2755172949171203,0.1999716372843008,0.21983266590696451,0.6232699083861876,0.6904761904761904
0.007063205023976307,2.583893299102783,0.2734550629942909,0.19741030224438874,0.2186073839212592,0.6150880902043693,0.6904761904761904
0.007086899681230956,2.4669976234436035,0.2745276292335116,0.19910037661866142,0.22218123650623417,0.6230725863284003,0.6904761904761904
0.00705832645254489,5.054162979125977,0.26632612212509116,0.1488983880671492,0.1697069900344326,0.45541226215644826,0.6904761904761904
0.007442601979257298,4.034670829772949,0.2596376050420169,0.18026803215798262,0.19768093811647225,0.5317477096546864,0.6904761904761904
0.0086332411137577,44.905235290527344,0.16334695267279536,0.09969085705769877,0.10842745875896785,0.16589147286821707,0.6904761904761904
0.013074185855331075,3.304107189178467,0.2945465203987932,0.2069011005791373,0.22865308005095372,0.5831923890063425,0.6904761904761904
0.008979856936570881,3.0234289169311523,0.30410320132542357,0.22077504139714474,0.24331276831169893,0.6166102889358703,0.6904761904761904
0.007103624600843645,3.5491700172424316,0.2851808534735364,0.19677138875217978,0.22002702706376112,0.5714658210007048,0.6904761904761904
0.007082757171309853,3.617615222930908,0.2509027389410165,0.1480535341371055,0.1751930129737038,0.5374277660324172,0.6904761904761904
0.008146311308543165,4.016091346740723,0.2952641850726667,0.18410007280517882,0.20899755211015825,0.5051162790697674,0.6904761904761904
