training_loss,validation_loss,precision,recall,f1,accuracy,test_accuracy
0.29822070541439755,2.0221264362335205,0.2757593146011226,0.18751132547996216,0.21334208805024749,0.6072972972972973,0.5757142857142858
0.041250997142240016,2.078277587890625,0.2747260919674713,0.19472190374213344,0.21733030831745992,0.6327027027027027,0.6842857142857144
0.009587346967582896,2.13904070854187,0.30245870870870867,0.22099768263396952,0.24662602800708944,0.6521621621621624,0.6619047619047619
0.006865870703202295,4.988258361816406,0.3058869863305347,0.18415942964704834,0.21027901392568193,0.4301801801801801,0.6619047619047619
0.041721801578876914,1.8445892333984375,0.2777569101098513,0.20480488269848388,0.2290473477347078,0.664864864864865,0.6804761904761905
0.0063319316439573465,1.9468984603881836,0.279508886877308,0.20767323682684724,0.23000220738991986,0.6567567567567568,0.6804761904761905
0.006185850820219846,2.01309871673584,0.27044984926259064,0.20129586402500316,0.22372602812200001,0.6556756756756756,0.6804761904761905
0.005800205055859681,2.003983497619629,0.2777187670044813,0.20515321564848177,0.22891166947338001,0.6583783783783784,0.6804761904761905
0.005758990462129044,2.040872812271118,0.27830854664188,0.20575330219070234,0.22963785189445707,0.6562162162162163,0.6804761904761905
0.005804007903610842,2.050396680831909,0.2705095076221837,0.19689503722266516,0.22037501931297604,0.6467567567567567,0.6804761904761905
0.00580575802748166,2.0173087120056152,0.2705550731866522,0.20198430887886862,0.22427365114049358,0.6578378378378379,0.6804761904761905
0.005649899357372575,2.041468381881714,0.2755604288499026,0.20497501460270112,0.22802290405902098,0.6581081081081079,0.6804761904761905
0.005722797413245588,2.0565454959869385,0.2814667874002532,0.21215718157908608,0.2350769600835122,0.6643243243243242,0.6804761904761905
0.005769586247343835,2.0512261390686035,0.2838542965901457,0.21218654732868447,0.2362619696544838,0.6667567567567567,0.6904761904761904
0.00578953378043924,2.06894850730896,0.2835838242088243,0.21119597064340787,0.2352614685142143,0.6659459459459459,0.6904761904761904
0.005619865359016821,2.0920639038085938,0.2850190153987623,0.21118614827124732,0.23526530170826981,0.6581081081081082,0.6904761904761904
0.005639141254131534,2.106290340423584,0.2810355248193086,0.2093259424118861,0.23276662077792923,0.66,0.6904761904761904
0.005638174225645835,2.077120780944824,0.2770509348634349,0.20535532607683915,0.2288255871618659,0.6627027027027027,0.6904761904761904
0.005651965315845977,2.1635353565216064,0.2865267602929178,0.21277740217088975,0.23656961985923056,0.6545945945945947,0.6904761904761904
0.005653379598497534,2.1537296772003174,0.2832893607893608,0.2101912573435269,0.23389099113276712,0.6516216216216215,0.6904761904761904
0.005559967846291585,2.1059749126434326,0.2793186043186043,0.20645924882744404,0.23049905326846198,0.6570270270270272,0.6904761904761904
0.005602126592986924,2.111177682876587,0.28927431896181893,0.21516724083048738,0.23975243057668202,0.6591891891891891,0.6904761904761904
0.005589266616636547,2.0857629776000977,0.28850284280664035,0.21711166999369452,0.24033182810625023,0.6656756756756758,0.6904761904761904
0.005550554794548317,2.0796291828155518,0.28096111349089753,0.21065164517529902,0.23421573845440116,0.6683783783783783,0.6923809523809524
0.005572857270509714,2.0893056392669678,0.2808480233840944,0.20971338507220125,0.23324551537943772,0.6645945945945945,0.6923809523809524
0.005538977575803903,2.096787214279175,0.2879351322389298,0.21821335914087714,0.24091135433399136,0.6681081081081081,0.6923809523809524
0.005573940800746206,2.0482449531555176,0.2805184718810929,0.21195598615607505,0.23459564184520199,0.6743243243243243,0.6942857142857143
0.00549529551282016,2.061514139175415,0.28358215358215355,0.21287284267634227,0.23612224080315677,0.6654054054054055,0.6942857142857143
0.0055500190522467345,2.1220333576202393,0.2850423818995248,0.21478645547375763,0.2379844990682772,0.667027027027027,0.6942857142857143
0.0054863874149717945,2.0997023582458496,0.2928148386481719,0.22175351250808822,0.24536165442575833,0.6670270270270271,0.6942857142857143
