training_loss,validation_loss,precision,recall,f1,accuracy,test_accuracy
0.319017015095626,2.1312472820281982,0.26505643313757754,0.17173709043824015,0.1906390057704871,0.5280208333333334,0.6442857142857141
0.007266076943601436,1.8003768920898438,0.28169339337165084,0.21140625382747255,0.22888626636774623,0.6393402777777779,0.7304761904761904
0.004123147378337544,1.813291311264038,0.28952236465369086,0.21640039144902054,0.23494072961340276,0.6354861111111112,0.7304761904761904
0.02934329218126779,1.853729486465454,0.2463279678560825,0.1711802522788387,0.18989124973594915,0.6041319444444445,0.7304761904761904
0.00452233413454998,1.8934184312820435,0.2620177690959425,0.18946098101796535,0.21057350464256058,0.6390277777777779,0.7304761904761904
0.0039120957340316185,1.8500319719314575,0.2525515716360575,0.18287150918153483,0.2036834512573628,0.6425347222222223,0.7176190476190476
0.0038033222871032136,1.950318455696106,0.25241403460661593,0.1836248114599575,0.20280311451792787,0.6420486111111112,0.7176190476190476
0.0037144298124545693,1.9465988874435425,0.2598856010688341,0.1927541335977999,0.20989606702612112,0.6454166666666669,0.7271428571428572
0.0036161543267919515,1.9757771492004395,0.26217722655044157,0.191689643937483,0.2115286117870751,0.642048611111111,0.7271428571428572
0.003670858871902329,1.9465107917785645,0.24316079239206953,0.17682841891752255,0.19449317234994246,0.6381597222222222,0.7271428571428572
0.0035868075707199986,1.9964163303375244,0.259374484204528,0.19102614045967312,0.20929124160862636,0.6440277777777781,0.7271428571428572
0.0035642506753452924,2.063758134841919,0.27090142735153694,0.2024810407773545,0.21894679076085327,0.6409722222222222,0.7271428571428572
0.0036944609217639444,2.0527405738830566,0.25556306382882277,0.18518817251752656,0.20381919543648905,0.6372222222222224,0.7271428571428572
0.0036115049329683694,2.0605995655059814,0.257067634485456,0.188994218962301,0.20707072559259368,0.644201388888889,0.7271428571428572
0.003535763716095653,2.083160400390625,0.2598257230505038,0.19310471507339055,0.20860217933558198,0.6386458333333336,0.7271428571428572
0.0035704614623251855,2.0584259033203125,0.2572796419119162,0.1895750255141496,0.20755623517928623,0.6375347222222223,0.7271428571428572
0.00358298830248235,2.070409059524536,0.2587266849816767,0.19049637686336116,0.2096020164203133,0.6350347222222223,0.7271428571428572
0.00344583368231118,2.1084394454956055,0.2623027911213218,0.19407323327231077,0.21209452204026494,0.6383333333333334,0.7271428571428572
0.00353753222001073,2.1319591999053955,0.2583011332134139,0.1909861434353047,0.20795692553771875,0.6347569444444445,0.7271428571428572
0.003373193245283154,2.155461072921753,0.2552958634508978,0.1882515348888546,0.20406047907623504,0.636701388888889,0.7271428571428572
0.0033579467689668586,2.0953071117401123,0.24533156790009863,0.17923102188718923,0.1966883508336734,0.6375347222222225,0.7271428571428572
0.0034744995841031493,2.1195034980773926,0.25913493223800244,0.1922361261848992,0.20937130351202696,0.6448611111111111,0.7271428571428572
0.0034481313844252313,2.126002550125122,0.25042770705453404,0.18474876193112583,0.2001749314537586,0.6403124999999998,0.7271428571428572
0.0034653040268090895,2.1715738773345947,0.2511707731338149,0.18402780653558737,0.20020626800944352,0.6328819444444442,0.7271428571428572
0.003416483258026653,2.139678478240967,0.24673410485731986,0.18156454383073278,0.19801642833433633,0.6414930555555556,0.7271428571428572
0.003407828950673821,2.1446805000305176,0.2627355190682284,0.19553339711866144,0.21141330796174582,0.6442013888888889,0.7271428571428572
0.003399081382534087,2.1871652603149414,0.2509499703746853,0.1823634841436434,0.20025893596087438,0.6323263888888888,0.7271428571428572
0.0033891685844947197,2.1953821182250977,0.25088793006665816,0.18473193598859391,0.2001693967772394,0.6339236111111111,0.7271428571428572
0.003314797223440361,2.156724452972412,0.24335325690410356,0.1770853299921674,0.1949573626847012,0.6431597222222223,0.7271428571428572
0.00339612553831903,2.149994373321533,0.255354566687276,0.18963009622114468,0.205549287909915,0.642638888888889,0.7271428571428572
