training_loss,validation_loss,precision,recall,f1,accuracy,test_accuracy
0.5331725392157469,5.477718830108643,0.2465718425277248,0.12157453567936718,0.14484785378911336,0.3091891891891892,0.34523809523809523
0.10144909516419852,3.5670623779296875,0.267013017013017,0.12962065505396514,0.16258833840187142,0.4253153153153152,0.4485714285714285
0.03080641802133447,2.1505000591278076,0.25743931169884815,0.1745949549267211,0.20149874600504375,0.6304504504504506,0.6357142857142857
0.00807237298366504,2.1765494346618652,0.27681813306813313,0.19221139174612775,0.21864016840523742,0.6270270270270271,0.6357142857142857
0.006525925988541079,2.1883785724639893,0.2725755025755026,0.18711165206503313,0.2144722877617066,0.6242342342342343,0.6357142857142857
0.006294883572052167,2.1629116535186768,0.27667070934305915,0.18849445090062078,0.21666887121265796,0.6242342342342343,0.6357142857142857
0.006127140265465922,2.2711875438690186,0.2732356248977457,0.18535175052531352,0.2128131222482808,0.6196396396396399,0.6357142857142857
0.006130920160746716,2.1727945804595947,0.27922347565929134,0.19546064834832338,0.22251880120636858,0.6345045045045047,0.6633333333333334
0.006034371298424011,2.313065767288208,0.2751816832783481,0.18465149607089199,0.2130637129508881,0.6155855855855857,0.6633333333333334
0.005945665134535877,2.227642297744751,0.2809982116668164,0.1949290984356854,0.2232273173690369,0.6336936936936939,0.6633333333333334
