training_loss,validation_loss,precision,recall,f1,accuracy,test_accuracy
0.30051967320986184,2.182166576385498,0.2584840741124141,0.1744126938888727,0.19908190625523348,0.5845714285714285,0.677142857142857
0.010416615153441952,2.295233726501465,0.2552972569029435,0.17457307650619786,0.1983200367256982,0.5911428571428571,0.6957142857142857
0.0027721126683841924,2.404477834701538,0.26904107870254335,0.19225860388749894,0.2152024113143272,0.6085714285714285,0.7142857142857142
0.0017457732022314785,2.3821094036102295,0.2607743084598648,0.1846452783767029,0.2080266837542264,0.614857142857143,0.7114285714285714
0.0017101603054167451,2.4553651809692383,0.26233702376502827,0.18706805527986334,0.20943053140945117,0.6120000000000001,0.7114285714285714
0.001575556156566961,2.4908766746520996,0.26400212864237765,0.1883231023068843,0.21055329917541196,0.6160000000000001,0.7199999999999999
0.0015451389278567434,2.491885185241699,0.2648467392226983,0.19011740171495922,0.21257238703146497,0.622857142857143,0.7152380952380951
0.0014524625785708783,2.490001678466797,0.2661945740645273,0.18846394439701905,0.21174896974234814,0.6165714285714285,0.7152380952380951
0.0014562148999540665,2.5360307693481445,0.2647301327444504,0.18627159801675924,0.20959159639226055,0.614857142857143,0.7152380952380951
0.0014591172179331102,2.509760618209839,0.27685525736546146,0.19579006300068375,0.2206993496464007,0.6137142857142859,0.7152380952380951
0.0015194121271905894,2.5144827365875244,0.2664097618198404,0.18992989392516765,0.21251881628693167,0.6160000000000001,0.7152380952380951
0.0027906667617445644,9.539053916931152,0.1430752456538171,0.04950129230190125,0.059367159119417846,0.15057142857142858,0.7152380952380951
0.04195511079557898,2.4355854988098145,0.2532130259511212,0.1725674319547417,0.19838967437449312,0.601142857142857,0.7152380952380951
0.0016458945274901208,2.4889719486236572,0.2616341657706667,0.17924938616078875,0.20428332509125058,0.6068571428571428,0.7152380952380951
0.0014706128695252119,2.495337724685669,0.256558580421416,0.1786018525084683,0.20256284457673845,0.6182857142857142,0.7152380952380951
0.0015261899299482055,2.543897867202759,0.2635056877890407,0.18237456879549843,0.20743589812030552,0.6025714285714285,0.7152380952380951
0.0014574043326067924,2.6040101051330566,0.2651094567227169,0.18350977578220928,0.20835755552736368,0.608,0.7152380952380951
0.0014325697582856642,2.5919899940490723,0.26435324854579517,0.18232672508408104,0.20715376074121397,0.6082857142857142,0.7152380952380951
0.0014448469378376431,2.6323933601379395,0.26040941710194404,0.18292794955072733,0.2071496608122092,0.617142857142857,0.7152380952380951
0.0013447482780590057,2.6924586296081543,0.26999638775031043,0.18854210475912508,0.21367995808905546,0.6125714285714287,0.7152380952380951
0.0014066262648407338,2.6298208236694336,0.26562944378980474,0.18600313375036526,0.21127403914373874,0.6157142857142858,0.7152380952380951
0.0013564753584127773,2.6879329681396484,0.2637821352156328,0.18414001866025176,0.20859632066006692,0.6162857142857142,0.7152380952380951
0.0013233605038822426,2.717900514602661,0.26069906490326267,0.18206834577417344,0.20673393828119746,0.6134285714285714,0.7152380952380951
0.0013117133272252171,2.701655387878418,0.2524338592527304,0.17718503620550505,0.20098984772370343,0.6202857142857142,0.7152380952380951
0.001317179224527017,2.789198637008667,0.26004040741979856,0.1812896635033473,0.20536657568707645,0.6140000000000001,0.7152380952380951
0.0012828504692657793,2.7997307777404785,0.26572016171716173,0.18367511614807144,0.20793763005496763,0.6085714285714285,0.7152380952380951
0.0013056834182783546,2.822448492050171,0.2597221110784608,0.18108050548992685,0.204377975419483,0.6134285714285715,0.7152380952380951
0.0013194975942591022,2.833174228668213,0.2658079180635572,0.18732682811023682,0.21109715382745342,0.6154285714285714,0.7152380952380951
0.0012885558071283445,2.816260576248169,0.2597965542060772,0.18295088890655395,0.20637980886327306,0.6217142857142858,0.7152380952380951
0.0014033570171807196,2.879502296447754,0.26710140143333355,0.18592745730572058,0.21035651277724843,0.608,0.7152380952380951
