training_loss,validation_loss,precision,recall,f1,accuracy,test_accuracy
0.5577235656746631,3.2594246864318848,0.2605314641429649,0.15449694869738426,0.17815886844601544,0.43999999999999995,0.45285714285714285
0.03130387312364583,6.259026527404785,0.24320661089997386,0.1478311208632109,0.1687569625736658,0.40972972972972965,0.45285714285714285
0.0116325341047103,2.2003235816955566,0.2744307904755666,0.1970392129640383,0.22212629441505133,0.6337837837837837,0.659047619047619
0.006235406409551282,2.2159523963928223,0.2645681778034719,0.19004094721966483,0.21411724683131733,0.6267567567567568,0.659047619047619
0.006105770064627784,2.272148609161377,0.2659927349934462,0.18897645449282668,0.21357604721798099,0.6308108108108108,0.659047619047619
0.005823707331222761,2.3645734786987305,0.26193646968118606,0.1913755676680741,0.21342747629582634,0.625945945945946,0.659047619047619
0.005790464025254264,2.224952459335327,0.26319071319071324,0.18390754333407713,0.20881485911029318,0.6235135135135135,0.659047619047619
0.005868746769362136,2.2103724479675293,0.2677445029784741,0.19100968470719715,0.21588122151631586,0.6329729729729731,0.659047619047619
0.005790033093901879,2.2445247173309326,0.27162875248613794,0.19280728671692715,0.21855017074274052,0.6321621621621623,0.659047619047619
0.005733662621835688,2.231152057647705,0.26996119600533863,0.19155456278401015,0.21668104154031986,0.6305405405405405,0.659047619047619
0.005720659801452206,2.2356278896331787,0.2665714754053591,0.18931436769653823,0.21322795696517347,0.6251351351351352,0.659047619047619
0.005736987588283161,2.2571051120758057,0.27797618155726267,0.19650239124018884,0.2227384588085652,0.628918918918919,0.659047619047619
0.0057087658887303595,2.5055577754974365,0.27818913051219263,0.19941104329937975,0.22333595396525593,0.6262162162162161,0.659047619047619
0.005580229648355823,2.251687526702881,0.27444919811403634,0.19686636506203967,0.22185615789366725,0.6327027027027027,0.659047619047619
0.005702404922146449,2.231020450592041,0.27642992556785667,0.19727353868362388,0.22284205568220103,0.6305405405405405,0.659047619047619
0.005704866260741278,2.224025249481201,0.2734747734747735,0.1949308711977171,0.22003929498774322,0.637027027027027,0.6761904761904761
0.0057203228280603684,2.506655693054199,0.27324598541827,0.1926181071928634,0.21705586140093724,0.6064864864864865,0.6761904761904761
0.005637610990330741,2.286705255508423,0.27804231419792064,0.19581656764012229,0.22165719445870177,0.6329729729729731,0.6761904761904761
0.005512733404569065,2.38295578956604,0.2677947278647559,0.18378694884793817,0.2081551328364696,0.6164864864864865,0.6761904761904761
0.0055874897603390185,2.302340030670166,0.275202730166088,0.1945009534705935,0.21952966579463928,0.6302702702702702,0.6761904761904761
0.005600997790070333,2.3266468048095703,0.2765429282095949,0.19742126751870567,0.22284246727242873,0.6389189189189187,0.6771428571428573
0.005588487814355172,2.2381153106689453,0.26731444648111324,0.19012385585407582,0.2145308424803487,0.6313513513513515,0.6771428571428573
0.005673365425057832,2.257185697555542,0.2683330615763049,0.190665841897343,0.2158491771481792,0.6405405405405407,0.6704761904761906
0.005579469760486099,2.137824535369873,0.2702510202510203,0.1937741634268274,0.2200798203738649,0.6467567567567567,0.6638095238095238
0.005671233762903988,2.2524471282958984,0.2661429286429287,0.1920893137758432,0.2163241613667504,0.6413513513513515,0.6638095238095238
0.00561348763530038,2.2017791271209717,0.277908615919687,0.1967160811045404,0.2231978341432696,0.64,0.6638095238095238
0.005620974667112328,2.2239747047424316,0.27907190470797916,0.19950678093339497,0.225511506081528,0.6448648648648649,0.6638095238095238
0.005632777778112481,2.269624710083008,0.2840262631987738,0.20090147187595592,0.22694059983016612,0.6367567567567568,0.6638095238095238
0.005503094109205425,2.2633540630340576,0.2828525935326284,0.20339875709891092,0.2288180829792543,0.6391891891891892,0.6638095238095238
0.0055653932861060565,2.281846761703491,0.283655516271035,0.20218653910968135,0.22787185095643236,0.6397297297297297,0.6638095238095238
