training_loss,validation_loss,precision,recall,f1,accuracy,test_accuracy
0.5916825451119614,3.711338520050049,0.23817193608860274,0.12117255446112833,0.14375586128445195,0.43684027777777784,0.44761904761904764
0.059327369137019734,1.8443845510482788,0.28878291744379536,0.21256488210199853,0.23506103939955622,0.6365972222222223,0.6985714285714286
0.006173437295418386,1.9101060628890991,0.2597682924071813,0.1859328927450613,0.20844453486694117,0.6563194444444443,0.7123809523809523
0.004491808549544184,1.9547432661056519,0.2668487333996593,0.19585117299032243,0.2176761246965662,0.6543749999999999,0.7123809523809523
0.004027052891763198,1.9540916681289673,0.2702824988699729,0.19718223765881923,0.21910242244809897,0.6643749999999998,0.7080952380952381
0.003888081482972023,2.009047031402588,0.2726854415491757,0.20010111714744105,0.22179447359009288,0.6607638888888889,0.7080952380952381
0.003723891575649818,1.9968866109848022,0.26782748485568386,0.1943921045944643,0.21618844473405335,0.6607638888888887,0.7080952380952381
0.003736636075378866,2.020228147506714,0.25143492273452595,0.1825950558001913,0.20301432385847967,0.6552083333333332,0.7080952380952381
0.0036684574729776162,2.0195605754852295,0.2556959828302477,0.18472636922788566,0.20573110259985683,0.6588194444444445,0.7080952380952381
0.00363751550773072,2.073136806488037,0.2580149721431089,0.1868019957323369,0.20779100192064717,0.6499305555555557,0.7080952380952381
0.003633943665520532,2.0722739696502686,0.25540549794761536,0.182593692720559,0.20437639750094755,0.6527083333333334,0.7080952380952381
0.00363010207282085,2.1062440872192383,0.26558152860784445,0.19076838653940362,0.2134316945204759,0.652986111111111,0.7080952380952381
0.003538920158680264,2.1066999435424805,0.2683597375828572,0.19464920697698318,0.21631052064900425,0.6502083333333333,0.7080952380952381
0.003538802168594241,2.081228733062744,0.25197416149013896,0.18215374553738645,0.20283491271391313,0.6602083333333334,0.7080952380952381
0.003532214375776143,2.1152236461639404,0.2545362782387636,0.18393686023340852,0.20476648105435322,0.6549305555555555,0.7080952380952381
0.0034757091956648064,2.11297607421875,0.25607037968414853,0.1861353363489896,0.20681874280953239,0.6621527777777776,0.7080952380952381
0.0034717684794200957,2.0989508628845215,0.25522005659775415,0.18656307038942674,0.20650464248951148,0.6660416666666666,0.7076190476190478
0.0034487083998922985,2.197164297103882,0.25847142823356106,0.1862089815790399,0.20697299711277994,0.6585416666666666,0.7076190476190478
0.0034828358019485975,2.1119930744171143,0.2584630877889521,0.1870118144719277,0.2085127424855957,0.658263888888889,0.7076190476190478
0.0034693285290211314,2.1620779037475586,0.26004897027923346,0.18644007640695467,0.20746692823050114,0.6560416666666665,0.7076190476190478
0.0034591897515596193,2.1503844261169434,0.26102962028766125,0.18835931781813187,0.20962512301009845,0.6582638888888889,0.7076190476190478
0.003422412775375683,2.1555137634277344,0.255722831869265,0.1834305532181145,0.20425783447887558,0.6593750000000002,0.7076190476190478
0.0035353856553281666,2.201608180999756,0.2562601821538948,0.18354496616493743,0.20481801225597995,0.6504861111111111,0.7076190476190478
0.0033909879034646237,2.167754650115967,0.25992780923974995,0.18983892078531034,0.20963561790091678,0.654375,0.7076190476190478
0.00342200375956089,2.215026378631592,0.2516298185941043,0.18069683994508515,0.2010407567851656,0.6518750000000001,0.7076190476190478
0.0033535237826867147,2.1839394569396973,0.2592931631126076,0.18697013966820947,0.2079910758054189,0.649652777777778,0.7076190476190478
0.0034021742656961127,2.19079852104187,0.25439154505897993,0.1830971857479145,0.2033506239260053,0.6524305555555555,0.7076190476190478
0.0033413559365535216,2.2266433238983154,0.2612115893365894,0.1866657072957723,0.20810630037226963,0.649375,0.7076190476190478
0.003308828295171391,2.2438137531280518,0.25644064701660435,0.1846694213104038,0.20534649732584997,0.6527083333333333,0.7076190476190478
0.0033595499003887547,2.263587236404419,0.24767307942331104,0.1784485561422533,0.19834513443523882,0.6502083333333334,0.7076190476190478
