training_loss,validation_loss,precision,recall,f1,accuracy,test_accuracy
0.3118033784915727,2.00480318069458,0.2567581987516749,0.1828101106153904,0.2055752661569061,0.6025714285714286,0.7
0.019394626894189197,2.330911159515381,0.2376351038864466,0.17137186832270052,0.1910873915302842,0.6108253968253969,0.7214285714285715
0.001984625718736549,2.3247621059417725,0.2432582252160407,0.17377497601327171,0.19622339711078104,0.6185714285714285,0.730952380952381
0.0017970855331360914,2.509472131729126,0.2512183265390263,0.18286889173484822,0.20274381462030458,0.6054285714285714,0.730952380952381
0.001660765693238234,2.440356492996216,0.2527093612049955,0.18305446561560101,0.20400396175117166,0.6117142857142854,0.730952380952381
0.0015354840380755505,2.484334707260132,0.24485228516008237,0.17335626605747964,0.19530048814527637,0.6071428571428571,0.730952380952381
0.0015700179322231495,2.455456495285034,0.24395257751887475,0.1756670324545428,0.19611617147543314,0.6102857142857142,0.730952380952381
0.0016312397481151237,2.5470030307769775,0.22532456463702072,0.1553738319926451,0.17592996149724907,0.603111111111111,0.730952380952381
0.001520742826741696,2.63320255279541,0.24859042758427105,0.18169644534992022,0.19941061412187497,0.6074285714285713,0.730952380952381
0.001479110357063675,2.604832172393799,0.23295735035679488,0.16415105608999586,0.18360726950013934,0.6052698412698411,0.730952380952381
0.0014477173700117828,2.6273207664489746,0.2502006639976565,0.1823775637697235,0.20108858845287536,0.6062857142857142,0.730952380952381
0.0014156928378436288,2.6487667560577393,0.24977698366796117,0.18058475277605546,0.19998101557596382,0.6028571428571426,0.730952380952381
0.0014134704523151899,2.638859987258911,0.24604220998744328,0.17717347138250572,0.19749378155512703,0.6094285714285713,0.730952380952381
0.0014149706636627675,2.7060840129852295,0.2374487827647522,0.16653736554876883,0.18662817895283734,0.603111111111111,0.730952380952381
0.0013804929388377414,2.7326600551605225,0.23450484170901267,0.16529459796367424,0.18596333944704932,0.6039682539682539,0.730952380952381
0.0013767113234958727,2.7126588821411133,0.23667161127814884,0.16761808577156004,0.1877331646149964,0.6048253968253967,0.730952380952381
0.0013647852821838703,2.6815407276153564,0.2442512151819033,0.1769455533104171,0.19581838122558048,0.6059999999999999,0.730952380952381
0.0012883175132527463,2.7689294815063477,0.23617560336716953,0.1671742241887732,0.18611882441059235,0.6036825396825396,0.730952380952381
0.0013977310174183172,2.710374116897583,0.25171981764791307,0.18470718195995536,0.2030708450888686,0.6071428571428571,0.730952380952381
0.0013195880312796946,2.833338975906372,0.2675095243220034,0.19841668899498102,0.21663480348479267,0.5957142857142855,0.730952380952381
0.0013510894869306728,2.7195074558258057,0.23031675739564872,0.16141639120705376,0.18110270549817947,0.6055555555555554,0.730952380952381
0.001332504573992928,2.7865915298461914,0.23216393303948268,0.16193257260516786,0.18119579578510622,0.5993968253968254,0.730952380952381
0.0013548088283774709,2.8131229877471924,0.24805915223232153,0.17995873436277446,0.19773700211484468,0.5974285714285712,0.730952380952381
0.0013004229424427374,2.795989751815796,0.24536249160587106,0.17819462648134823,0.19677145434115553,0.6062857142857141,0.730952380952381
0.0013064653294991623,2.7853429317474365,0.23413549584056495,0.1625620180292112,0.18282880710204788,0.5995555555555554,0.730952380952381
0.001305352628153296,2.829350471496582,0.2611668296540926,0.1915081129295898,0.21021111336269355,0.5974285714285715,0.730952380952381
0.0013142378745875161,2.8117282390594482,0.23581233567990076,0.16474708509479385,0.18532378183231862,0.5984126984126982,0.730952380952381
0.0013086392932787916,2.7873189449310303,0.25062501123283426,0.18106640826916603,0.20076268906444655,0.6011428571428569,0.730952380952381
0.0012431594408673415,2.8451087474823,0.22741153932837507,0.1566213389552012,0.17712535853971992,0.5979682539682538,0.730952380952381
0.0012884559407244198,2.7909910678863525,0.2477834228344433,0.1777600553067656,0.1978368940315359,0.6002857142857142,0.730952380952381
