training_loss,validation_loss,precision,recall,f1,accuracy,test_accuracy
0.09865289316009941,0.05845555290579796,0.8942457542457543,0.8827059785680476,0.886357930156592,0.9807692307692307,0.54875
0.0006342684670623081,0.05316028743982315,0.9345596432552953,0.9168882968882968,0.9240741660112857,0.9830769230769231,0.62625
0.00028689656992906805,0.042736753821372986,0.8710955710955711,0.8579240937861627,0.8633362120055691,0.9884615384615384,0.6175
0.0002552738154311858,0.05709322914481163,0.9254021340977862,0.9071757871757871,0.9144872012519071,0.9807692307692307,0.6175
0.00020874736825741516,0.046456415206193924,0.9089186176142697,0.8945138003758694,0.900375227352558,0.9861538461538462,0.6175
0.0001396495869233728,0.05118946731090546,0.9345596432552953,0.9154637954637954,0.9231436449194743,0.9815384615384615,0.6175
0.00012040312122101595,0.04817190766334534,0.9351981351981351,0.9183638583638583,0.9252633891769648,0.9846153846153846,0.6175
0.0001098628305099379,0.04983169957995415,0.8710955710955711,0.8561072069692759,0.8622914570219951,0.9861538461538463,0.6175
8.61641865412821e-05,0.04742658883333206,0.901098901098901,0.8856804115424806,0.891940051980263,0.9853846153846154,0.6175
8.137456440884058e-05,0.04513247683644295,0.9358974358974359,0.9213286713286712,0.9273162564017137,0.9884615384615386,0.63
8.954170611601016e-05,0.04964618384838104,0.9254021340977862,0.9100710400710401,0.9160798866632965,0.9830769230769231,0.63
7.581435937192344e-05,0.04431837797164917,0.9351981351981351,0.9242561142561142,0.9288826730038099,0.9892307692307691,0.6075
7.41934718944597e-05,0.04832077771425247,0.9345596432552953,0.9207733007733008,0.9262907485817702,0.9869230769230769,0.6075
5.9924774191269094e-05,0.041407693177461624,0.9608391608391608,0.9486668886668886,0.9534913620510357,0.9900000000000001,0.6054166666666667
5.2103339219849495e-05,0.045692529529333115,0.9358974358974359,0.9213286713286712,0.9273162564017137,0.9884615384615386,0.6054166666666667
5.311227116153256e-05,0.04258290305733681,0.9351981351981351,0.9223136123136122,0.9274891952037984,0.9892307692307694,0.6054166666666667
6.42079829834653e-05,0.045876000076532364,0.9615384615384616,0.9487179487179487,0.9538161643424802,0.99,0.6054166666666667
4.848446834523312e-05,0.046812962740659714,0.9351981351981352,0.9223426382047072,0.9274461774869208,0.9884615384615384,0.6054166666666667
5.155010482364256e-05,0.049056973308324814,0.9523809523809523,0.9397269397269397,0.9447206232920519,0.9892307692307691,0.6054166666666667
5.9513031194938144e-05,0.05196109786629677,0.9358974358974359,0.9235949235949236,0.9288268748795064,0.9884615384615384,0.6054166666666667
5.774279813494738e-05,0.04526330530643463,0.9254021340977862,0.9131605431605431,0.9180132647949694,0.9884615384615384,0.6054166666666667
5.2584937851530746e-05,0.046016763895750046,0.9615384615384616,0.9487179487179487,0.9538161643424802,0.99,0.6054166666666667
4.173032450373946e-05,0.04204324260354042,0.9615384615384616,0.949106449106449,0.954072109244523,0.9907692307692308,0.6162500000000001
3.334903695676158e-05,0.044068098068237305,0.9351981351981351,0.9216013616013616,0.9271177356774092,0.9884615384615386,0.6162500000000001
4.32542889153741e-05,0.047358132898807526,0.9615384615384616,0.9487179487179487,0.9538161643424802,0.99,0.6162500000000001
3.8308794704321237e-05,0.05290650203824043,0.9358974358974359,0.9212639212639212,0.9271774521774521,0.9876923076923076,0.6162500000000001
3.067315907573533e-05,0.055719442665576935,0.9358974358974359,0.9208754208754208,0.9269027269027268,0.9869230769230769,0.6162500000000001
2.729965312524159e-05,0.048381976783275604,0.960200668896321,0.9478388278388278,0.9526643749553967,0.9884615384615384,0.6162500000000001
2.9702252012005676e-05,0.04771825298666954,0.9358974358974359,0.9216524216524216,0.9274425379688538,0.9884615384615384,0.6162500000000001
3.115985494980233e-05,0.05265997350215912,0.9358974358974359,0.9198394198394197,0.9264017572841101,0.9861538461538462,0.6162500000000001
2.703036401533499e-05,0.05177832767367363,0.9345596432552953,0.9203848003848004,0.9260256627903687,0.9861538461538462,0.6162500000000001
2.841300418464071e-05,0.05460532382130623,0.9608391608391608,0.9475013875013876,0.952695606082866,0.9876923076923076,0.6162500000000001
2.449254975889551e-05,0.053235311061143875,0.9358974358974359,0.9205516705516705,0.9267952257082691,0.9869230769230769,0.6162500000000001
2.4898153738335665e-05,0.05318457633256912,0.9358974358974359,0.9205516705516705,0.9267952257082691,0.9869230769230769,0.6162500000000001
2.4664704745081316e-05,0.04831792041659355,0.9351981351981351,0.9212128612128612,0.9268617907753663,0.9876923076923076,0.6162500000000001
4.0783200802252395e-05,0.0538809671998024,0.9102564102564101,0.8946159204779894,0.9010059860461972,0.9861538461538462,0.6162500000000001
3.083806331522448e-05,0.0477573536336422,0.9358974358974359,0.9202279202279201,0.9266668430755118,0.9869230769230768,0.6162500000000001
2.3881713168589847e-05,0.043027766048908234,0.9358974358974359,0.9217171717171717,0.9275635252053823,0.9892307692307694,0.6162500000000001
2.3187087528888448e-05,0.05346096307039261,0.9267399267399268,0.9134581893202582,0.9186959048230725,0.9876923076923076,0.6162500000000001
2.044020623019826e-05,0.048544179648160934,0.9358974358974359,0.9227821986442676,0.928026924680408,0.9892307692307691,0.6162500000000001
2.2386229819527546e-05,0.04551868513226509,0.9358974358974359,0.9216524216524216,0.9274425379688538,0.9884615384615384,0.6162500000000001
2.157480516664443e-05,0.04825718700885773,0.9358974358974359,0.9231706990327679,0.928282869582451,0.9900000000000001,0.6162500000000001
1.7942709753311426e-05,0.04781882464885712,0.9102564102564101,0.8957166715787406,0.9016532983067816,0.9876923076923076,0.6162500000000001
2.0461294161922332e-05,0.05256439372897148,0.9267399267399268,0.9134581893202582,0.9186959048230725,0.9876923076923076,0.6162500000000001
1.834102701622848e-05,0.05190063267946243,0.9358974358974359,0.9209401709401709,0.9270603114996708,0.9876923076923076,0.6162500000000001
1.7409192165277172e-05,0.052303068339824677,0.9358974358974359,0.9223936982557672,0.9277618388890065,0.9884615384615384,0.6162500000000001
2.039087984361355e-05,0.04274391382932663,0.9351981351981351,0.9208891108891109,0.9267355092082263,0.9876923076923079,0.6162500000000001
1.931373698439667e-05,0.04852157086133957,0.9358974358974359,0.9209401709401709,0.9270603114996708,0.9876923076923076,0.6162500000000001
1.7557765152725384e-05,0.052595965564250946,0.9615384615384616,0.9483294483294482,0.9535510785510785,0.9892307692307691,0.6162500000000001
2.2182481812347817e-05,0.046091265976428986,0.9358974358974359,0.9213286713286712,0.9273162564017137,0.9884615384615386,0.6162500000000001
