training_loss,validation_loss,precision,recall,f1,accuracy,test_accuracy
0.01136410511059115,0.0008389707072637975,1.0,1.0,1.0,1.0,0.6116666666666667
0.0002391298330621794,0.0002777899499051273,1.0,1.0,1.0,1.0,0.6116666666666667
0.00014019209819154284,0.00022760326100979,1.0,1.0,1.0,1.0,0.6116666666666667
0.00010653429077913777,0.00021511039813049138,1.0,1.0,1.0,1.0,0.6116666666666667
0.00011498512510109329,0.00015598427853547037,1.0,1.0,1.0,1.0,0.6116666666666667
6.6533563430649e-05,0.00013474751904141158,1.0,1.0,1.0,1.0,0.6116666666666667
6.042537929429559e-05,0.00012955503189004958,1.0,1.0,1.0,1.0,0.6116666666666667
6.859369422419003e-05,0.0001112292375182733,1.0,1.0,1.0,1.0,0.6116666666666667
5.247017801517435e-05,0.00010647960880305618,1.0,1.0,1.0,1.0,0.6116666666666667
4.359368295599079e-05,0.00010103416570927948,1.0,1.0,1.0,1.0,0.6116666666666667
3.807265180843057e-05,9.298098302679136e-05,1.0,1.0,1.0,1.0,0.6116666666666667
3.664058774368393e-05,0.0001098992652259767,1.0,1.0,1.0,1.0,0.6116666666666667
3.0362742392015943e-05,6.978545570746064e-05,1.0,1.0,1.0,1.0,0.6116666666666667
3.758089384903612e-05,7.93357176007703e-05,1.0,1.0,1.0,1.0,0.6116666666666667
3.57897399251644e-05,9.701385715743527e-05,1.0,1.0,1.0,1.0,0.6116666666666667
3.167952873472469e-05,0.00010631928307702765,1.0,1.0,1.0,1.0,0.6116666666666667
3.051356887837145e-05,6.648732232861221e-05,1.0,1.0,1.0,1.0,0.6116666666666667
2.5678061596587034e-05,8.990563947008923e-05,1.0,1.0,1.0,1.0,0.6116666666666667
2.5918774961203277e-05,6.112504343036562e-05,1.0,1.0,1.0,1.0,0.6116666666666667
2.402260107990807e-05,8.586076728533953e-05,1.0,1.0,1.0,1.0,0.6116666666666667
2.6899643325015056e-05,6.670159928034991e-05,1.0,1.0,1.0,1.0,0.6116666666666667
2.3525627142958542e-05,5.765819878433831e-05,1.0,1.0,1.0,1.0,0.6116666666666667
1.8573234912535784e-05,6.095569915487431e-05,1.0,1.0,1.0,1.0,0.6116666666666667
2.3686671058156437e-05,4.974912735633552e-05,1.0,1.0,1.0,1.0,0.6116666666666667
1.989549589818087e-05,8.344894740730524e-05,1.0,1.0,1.0,1.0,0.6116666666666667
1.954893681537291e-05,4.686629108618945e-05,1.0,1.0,1.0,1.0,0.6116666666666667
2.506161963792438e-05,7.957183697726578e-05,1.0,1.0,1.0,1.0,0.6116666666666667
1.9350206789917698e-05,5.198932922212407e-05,1.0,1.0,1.0,1.0,0.6116666666666667
1.8057456390334453e-05,4.801273826160468e-05,1.0,1.0,1.0,1.0,0.6116666666666667
1.793150740318801e-05,6.220849172677845e-05,1.0,1.0,1.0,1.0,0.6116666666666667
2.0698785095516217e-05,5.895231879549101e-05,1.0,1.0,1.0,1.0,0.6116666666666667
1.6499648435856726e-05,6.909218791406602e-05,1.0,1.0,1.0,1.0,0.6116666666666667
1.6229322338747464e-05,5.66871531191282e-05,1.0,1.0,1.0,1.0,0.6116666666666667
1.7100629992665534e-05,6.627231778111309e-05,1.0,1.0,1.0,1.0,0.6116666666666667
1.6231411284304788e-05,6.329129973892123e-05,1.0,1.0,1.0,1.0,0.6116666666666667
1.6635230291616278e-05,4.138459553360008e-05,1.0,1.0,1.0,1.0,0.6116666666666667
1.4332652011677323e-05,5.893122579436749e-05,1.0,1.0,1.0,1.0,0.6116666666666667
1.4851217890275627e-05,5.288619649945758e-05,1.0,1.0,1.0,1.0,0.6116666666666667
1.4047812939069146e-05,4.079068821738474e-05,1.0,1.0,1.0,1.0,0.6116666666666667
1.5201994245954837e-05,5.690901161869988e-05,1.0,1.0,1.0,1.0,0.6116666666666667
1.3443859711673963e-05,4.634792639990337e-05,1.0,1.0,1.0,1.0,0.6116666666666667
1.3930878919057574e-05,4.6751014451729134e-05,1.0,1.0,1.0,1.0,0.6116666666666667
1.264334804914683e-05,4.8244703066302463e-05,1.0,1.0,1.0,1.0,0.6116666666666667
1.9429174424251365e-05,3.538598684826866e-05,1.0,1.0,1.0,1.0,0.6116666666666667
1.726986302518863e-05,4.2079947888851166e-05,1.0,1.0,1.0,1.0,0.6116666666666667
1.1995947892552017e-05,5.010078530176543e-05,1.0,1.0,1.0,1.0,0.6116666666666667
1.1955559974050592e-05,4.5042808778816834e-05,1.0,1.0,1.0,1.0,0.6116666666666667
1.3822561892287719e-05,5.484881694428623e-05,1.0,1.0,1.0,1.0,0.6116666666666667
1.0917729071422457e-05,6.0525606386363506e-05,1.0,1.0,1.0,1.0,0.6116666666666667
1.0200551063004699e-05,4.060561695951037e-05,1.0,1.0,1.0,1.0,0.6116666666666667
