training_loss,validation_loss,precision,recall,f1,accuracy,test_accuracy
0.9908301672297166,5.2848992347717285,0.1722397678079496,0.09034317337449925,0.10526689080782653,0.2512121212121212,0.25
0.05644813913386315,4.2592549324035645,0.22206564479291754,0.12493173323562036,0.14530903715384996,0.39151515151515154,0.6316666666666667
0.01744087877334921,27.827159881591797,0.13613997113997114,0.10065158978952082,0.11136435033745153,0.18818181818181817,0.6316666666666667
0.05276291818892193,3.4706716537475586,0.1835226790440694,0.13392987931830055,0.14594310366603272,0.48242424242424237,0.5420833333333334
0.0008381826655298524,4.64556360244751,0.20198717107808015,0.1276516677893205,0.14091897752877897,0.3884848484848485,0.5420833333333334
0.0005124060612325457,3.6036970615386963,0.19213055934277437,0.12304417195239235,0.13787946176605237,0.4696969696969697,0.5420833333333334
0.0003142981923243909,3.6914634704589844,0.17583902933758963,0.11732797092753015,0.13250067844902416,0.466060606060606,0.5420833333333334
0.0002166416601514021,3.7229323387145996,0.1776725819921468,0.12228207559022147,0.13723241250104581,0.47969696969696957,0.5420833333333334
0.00021448279118453523,3.8073787689208984,0.1782084457819873,0.11868804018782701,0.13409630766423813,0.473030303030303,0.5420833333333334
0.00017953657825660715,3.770036220550537,0.1777056514704736,0.12344897952206503,0.1377560860697186,0.48151515151515145,0.5420833333333334
0.00019636401803507667,3.6899962425231934,0.1833406795224977,0.1247761361422076,0.14192187795002045,0.473030303030303,0.5420833333333334
0.0005350772472856408,20.540912628173828,0.1224411417459546,0.07714509628302733,0.07095838195594267,0.16636363636363635,0.5420833333333334
0.08132673274430097,4.093318939208984,0.18148089284452917,0.11141692020989144,0.12529639354931424,0.4227272727272728,0.5420833333333334
0.0011041721881033708,3.976100444793701,0.20224381546151882,0.13414128272920092,0.1543446646457168,0.4896969696969698,0.645
0.00037833789938562123,4.099109649658203,0.1943909599172757,0.13295126976651606,0.15026776378769882,0.4739393939393939,0.645
0.00025266868327347995,4.2665863037109375,0.19528489187580098,0.13544393612257385,0.14868342240299148,0.45545454545454545,0.645
0.00029555289730130767,4.687634468078613,0.20003751343464263,0.1350984961351599,0.14981952902126283,0.4575757575757576,0.645
0.00025034371565004436,4.02313232421875,0.19131927530687862,0.13097755534332725,0.14901735599343452,0.4727272727272727,0.645
0.0001586704319450304,4.126554012298584,0.18804673085786358,0.13045658644396654,0.14337116035565886,0.46454545454545465,0.645
0.00011874767457315011,4.07095193862915,0.19518917192153049,0.134233002098429,0.15266401402644583,0.4745454545454546,0.645
0.00013509108599296817,4.219634532928467,0.18804219281984552,0.13213433106582853,0.14446365096582894,0.4675757575757577,0.645
9.155253569233472e-05,4.093379974365234,0.18250791526449692,0.12713530799342665,0.13931628652740827,0.4727272727272727,0.645
8.819817011376697e-05,4.086612701416016,0.18553579111430352,0.12301041005162339,0.14077699305429253,0.4696969696969697,0.645
9.123343336131714e-05,4.105671405792236,0.20083511167678197,0.13392747350729783,0.1538074401261193,0.47575757575757566,0.645
9.032063267855485e-05,4.119378566741943,0.1922559896244107,0.1301282117256105,0.14867661377154395,0.47121212121212125,0.645
7.747705345820629e-05,4.08443546295166,0.19519312426010993,0.14112083476992457,0.1531337110522513,0.483030303030303,0.645
6.147657233720327e-05,4.066694259643555,0.18754310733649576,0.1347627724604737,0.14640859808409362,0.480909090909091,0.645
5.6971684782493345e-05,4.087906837463379,0.19244787846186445,0.1337710188684287,0.15144954564296,0.4887878787878789,0.645
0.00025116740573191,8.68358325958252,0.2214443770985273,0.1170785786235644,0.1364647519937531,0.3418181818181818,0.645
0.0005889748679963188,3.768434524536133,0.19479448392771911,0.1389512758384475,0.14907492318913174,0.5027272727272727,0.54875
0.00011437273546017159,3.9131734371185303,0.17954669820698527,0.13109888900342195,0.14171561707909733,0.47666666666666674,0.54875
0.0001069082647634477,4.410461902618408,0.1938476206333349,0.1291176469246926,0.14675141925707821,0.4693939393939395,0.54875
0.0003621879481060921,3.988330841064453,0.18761743307197853,0.13575954039445415,0.15037201217040908,0.48060606060606054,0.54875
9.613331812878712e-05,4.123719215393066,0.17658366885639612,0.12070594321083888,0.13721214991438746,0.4581818181818181,0.54875
6.103789246158512e-05,4.033349514007568,0.18341431295976748,0.12750175560662844,0.14373695000005224,0.47878787878787876,0.54875
6.881512528565483e-05,4.0204033851623535,0.17096038312716375,0.1192108460207013,0.13429578620149732,0.4739393939393939,0.54875
5.015119381339978e-05,4.0689802169799805,0.1787408298771935,0.11665033358336205,0.13200665195847391,0.46696969696969687,0.54875
4.3956408810879e-05,4.143899440765381,0.17984244623000603,0.12230544601758887,0.13898045662713293,0.47121212121212125,0.54875
4.3653341013360654e-05,4.082932949066162,0.18449217070731672,0.1262443313432904,0.14318586679446932,0.4693939393939395,0.54875
4.514517649055206e-05,4.083532810211182,0.18022379888408596,0.12436723379580744,0.14122745291460534,0.47666666666666657,0.54875
4.47807448984459e-05,4.151453971862793,0.18623957384562104,0.12466025098853324,0.14267598955881652,0.4666666666666666,0.54875
3.452910661817828e-05,4.209181785583496,0.18495663642822982,0.12604761996583735,0.1428902422347308,0.47303030303030286,0.54875
3.422954380360526e-05,4.158792972564697,0.18650984448831337,0.13647122928472058,0.1470528396302853,0.48212121212121206,0.54875
3.5068910487652764e-05,4.1335530281066895,0.17891307257335967,0.12158707368254733,0.13843053557104879,0.4603030303030304,0.54875
3.258506530531618e-05,4.37109375,0.1766826562686952,0.12233940119422403,0.13341296991300525,0.44636363636363635,0.54875
3.1609366110484534e-05,4.1516242027282715,0.1876790540666139,0.12949904929434866,0.1465982118447156,0.4866666666666667,0.54875
3.0457004555526844e-05,4.154261112213135,0.18944354738954877,0.13337717130810972,0.15051580446761287,0.47939393939393943,0.54875
3.0273416625458213e-05,4.171302318572998,0.18286812425568402,0.12550920795930834,0.1421813799098786,0.47939393939393943,0.54875
3.508447526391337e-05,4.4853315353393555,0.1892963785525769,0.13347115970094145,0.14910065331968553,0.46969696969696967,0.54875
3.0132399662232673e-05,4.29530668258667,0.18612189089954356,0.12207426021373786,0.139422535992087,0.4575757575757576,0.54875
