training_loss,validation_loss,precision,recall,f1,accuracy,test_accuracy
0.14048993887622163,4.033480644226074,0.3352553117380703,0.2304060657490527,0.24952285999700446,0.5397777777777777,0.28500000000000003
0.013252257963296422,1.007684588432312,0.5778686067019401,0.5454882958124238,0.5553731467368954,0.8696111111111111,0.5158333333333333
0.000716213218940339,0.9961428642272949,0.4619645423035637,0.41283687688466025,0.4316538036044493,0.8326111111111111,0.5158333333333333
0.0003799434388670369,1.0487231016159058,0.6140028389484912,0.5732375079700661,0.5865611899510418,0.8640000000000001,0.5158333333333333
0.0002239705579198278,1.2207940816879272,0.4901071943929087,0.44265294372883107,0.4588549456100511,0.819,0.5158333333333333
0.00017685038699411263,0.9969075322151184,0.6078822385344125,0.5691613309171448,0.5808748981818701,0.8690000000000001,0.5158333333333333
0.00012437423882222167,0.9914976954460144,0.6073577630099369,0.5678279975838116,0.5798428893788279,0.868,0.5158333333333333
0.00011273286617486594,1.0342333316802979,0.6188386975343497,0.5808746329574819,0.5925279288119724,0.8699999999999999,0.5825
0.00010236122373137496,1.0415772199630737,0.6166955266955266,0.5748674787744557,0.5876145290426602,0.868,0.5825
9.194510317210599e-05,1.0401750802993774,0.617661975705454,0.5760886858619416,0.5903983082356649,0.867,0.5825
8.633094744067894e-05,1.0592931509017944,0.611489742141916,0.569845540118796,0.583130008997989,0.865,0.5825
7.036477403096498e-05,1.0373703241348267,0.6281281761716544,0.5864707204939762,0.6016774046904466,0.867,0.5825
6.643862647476067e-05,1.0455269813537598,0.6126915113871636,0.5697765088593576,0.5829314224036719,0.8640000000000001,0.5825
7.232288561843308e-05,0.9656803011894226,0.6024637681159419,0.5637163558340885,0.5756536992982537,0.8719999999999999,0.5858333333333333
5.314740196372939e-05,1.0270264148712158,0.6112466518988258,0.5720942628108325,0.5842545315233095,0.8690000000000001,0.5858333333333333
5.331935694376214e-05,1.0500679016113281,0.6188806845328584,0.5775254266082754,0.590675361085822,0.866,0.5858333333333333
5.257990974376747e-05,1.026929259300232,0.6212466518988258,0.5840656964159872,0.5973147469393479,0.873,0.5841666666666667
5.110589048455626e-05,1.011879324913025,0.6045104895104896,0.5652698811201718,0.5776085365493624,0.8699999999999999,0.5841666666666667
6.125596125569507e-05,1.0730541944503784,0.6049404761904762,0.5667407945736433,0.5793133128523928,0.8669999999999998,0.5841666666666667
5.01337160803565e-05,1.0200130939483643,0.6153571428571428,0.5767193139870466,0.5903628280680864,0.8710000000000001,0.5841666666666667
3.7381429605101066e-05,1.0415431261062622,0.6103571428571428,0.5698641040806738,0.5823978057980886,0.866,0.5841666666666667
4.0751002908196724e-05,1.0478283166885376,0.6101590076590077,0.5660649389600801,0.5793308953194571,0.8620000000000001,0.5841666666666667
4.000989905737336e-05,1.0187638998031616,0.5874733599733599,0.5477788327628443,0.5599743554047754,0.867,0.5841666666666667
4.630993943502377e-05,1.0091490745544434,0.5935893092414831,0.5540291263968589,0.5663927453572988,0.8699999999999999,0.5841666666666667
4.844467234885984e-05,1.1073004007339478,0.5960568417090155,0.5578477297895902,0.5707028890922332,0.86,0.5841666666666667
3.5028387840499554e-05,1.038754940032959,0.6131227757749497,0.5714362541528238,0.5843650686389861,0.866,0.5841666666666667
3.4723692214643115e-05,1.0331710577011108,0.6102256728778468,0.566725215191785,0.5805054216793848,0.8640000000000001,0.5841666666666667
3.0572101787297407e-05,1.0150091648101807,0.6112466518988258,0.5710923248263364,0.5837558849747617,0.869,0.5841666666666667
2.9050146669187474e-05,1.0551079511642456,0.5948663655185393,0.5590959994462901,0.5711175207830179,0.8640000000000001,0.5841666666666667
2.766834082549768e-05,1.0149282217025757,0.6103571428571428,0.5692182938185846,0.5821060680398735,0.8670000000000002,0.5841666666666667
3.1010400088645885e-05,1.0477144718170166,0.6196325051759835,0.5759844038390549,0.5895981708511233,0.865,0.5841666666666667
2.805185419350742e-05,1.0728245973587036,0.5957276057276057,0.553617057199906,0.566479772924653,0.8639999999999999,0.5841666666666667
2.8631159924247785e-05,1.0541682243347168,0.6065875790875791,0.5640275239940938,0.5770212537981194,0.8640000000000001,0.5841666666666667
2.6480540436626156e-05,1.0144275426864624,0.5905952380952381,0.5490510602584938,0.5614909736609184,0.8640000000000001,0.5841666666666667
2.3005764551396155e-05,1.013606071472168,0.6179495504495505,0.5787982314842781,0.5926414057505698,0.873,0.5841666666666667
2.7370336333473933e-05,1.0120573043823242,0.6113311688311688,0.5725288327628444,0.5847498036136423,0.8709999999999999,0.5841666666666667
2.2832428070714368e-05,1.0037511587142944,0.5960930735930736,0.5562398717238833,0.5680539799861329,0.8710000000000001,0.5841666666666667
2.0313925457753922e-05,1.0327624082565308,0.6115156220591004,0.5727569612235309,0.5844483829052864,0.8690000000000001,0.5841666666666667
2.0882168914110093e-05,1.0275887250900269,0.6357971014492754,0.5969682938185845,0.60890686618372,0.873,0.5841666666666667
2.3144742424672786e-05,1.006111741065979,0.6138311688311688,0.5749472360649686,0.5866319994089542,0.876,0.6133333333333334
1.9675192240593128e-05,1.0290486812591553,0.5929978354978355,0.5516837492749038,0.5638011007424187,0.867,0.6133333333333334
2.4296458187651197e-05,1.0245002508163452,0.6097857142857144,0.5710516271519178,0.5830052621257231,0.8690000000000001,0.6133333333333334
2.33344369337841e-05,1.047356128692627,0.620992340992341,0.5801227620893318,0.5925933877786911,0.8690000000000001,0.6133333333333334
1.8094019953597836e-05,1.0474941730499268,0.6013311688311689,0.561139768892053,0.5731041441895319,0.8690000000000001,0.6133333333333334
1.999305891019989e-05,1.0521351099014282,0.6198018648018648,0.5760331303063861,0.5895603459512332,0.865,0.6133333333333334
2.2108190937739878e-05,1.0649114847183228,0.595573593073593,0.5545658306486795,0.5667944250389312,0.8640000000000001,0.6133333333333334
1.6225401445621647e-05,1.0139596462249756,0.5936904761904762,0.5543145470485588,0.5658396001937982,0.8710000000000001,0.6133333333333334
1.961878362872334e-05,1.0051571130752563,0.6174999999999999,0.5761781267827779,0.5889825490940673,0.8710000000000001,0.6133333333333334
1.917390681203508e-05,1.053818702697754,0.6147894424416164,0.5735910160575858,0.5856982067074533,0.8699999999999999,0.6133333333333334
2.030710885102888e-05,1.038737177848816,0.6142949369471109,0.5749669850498339,0.5865089873877992,0.8710000000000001,0.6133333333333334
