training_loss,validation_loss,precision,recall,f1,accuracy,test_accuracy
1.4129559691272564,5.3697004318237305,0.3854460093896714,0.30783310976972955,0.32306640771840556,0.3755868544600939,0.39837398373983735
0.546808279161133,1.7260576486587524,0.4588531187122736,0.3517158506595125,0.37542341657356404,0.5206572769953051,0.489430894308943
0.2674312604063038,4.84891414642334,0.3519085527658706,0.2505504038725104,0.2754028449506022,0.37793427230046944,0.3772357723577236
0.1807788388713249,5.699499607086182,0.2925217974513749,0.16008470576545694,0.18639744249108262,0.3169014084507042,0.40081300813008114
0.07330668743164626,4.7575201988220215,0.32060105732433813,0.20992170413787067,0.23465437061689368,0.3793427230046948,0.4178861788617886
0.08202568120966013,2.061502456665039,0.49573490324664027,0.38665234023572453,0.4154104666598262,0.6061032863849763,0.5587398373983741
0.061299477837225703,2.6774742603302,0.4581971328864452,0.328390738958712,0.3625856073039291,0.5525821596244133,0.6333333333333333
0.04932719798334666,13.550637245178223,0.3434824634078983,0.3025430359937402,0.310659950355337,0.34225352112676055,0.324390243902439
0.03780887320371859,2.214968681335449,0.5526461801109689,0.41427792196010216,0.44749128442604796,0.6380281690140844,0.5902439024390246
0.025064855747139028,2.98917293548584,0.4517018779342723,0.33278122843340235,0.36393937442200974,0.5169014084507042,0.5276422764227642
0.0076751343985961284,3.210131883621216,0.5150234741784037,0.4084708411499593,0.4394977767188221,0.628169014084507,0.643089430894309
0.0044339992514120345,3.0343620777130127,0.4988578909353557,0.3891079974209185,0.4192385173746435,0.6018779342723005,0.5829268292682926
0.0010904167880897745,3.256465435028076,0.4790744466800805,0.3470986142296614,0.3793993791581485,0.5732394366197183,0.538211382113821
0.002304599808165004,2.4713685512542725,0.5598135106937924,0.43629402825973557,0.4689491264358949,0.655868544600939,0.6552845528455284
0.002815666459966125,2.903367042541504,0.5060392658984207,0.39115367999732176,0.4214460598818766,0.6352112676056341,0.5821138211382114
0.003361669975101361,2.648385763168335,0.5412505335040546,0.4421064227555348,0.4693156339322512,0.6507042253521128,0.631707317073171
0.0006781044117788178,2.6934144496917725,0.5161384976525821,0.40099965331441145,0.4297926414798068,0.6061032863849768,0.5609756097560976
0.0005085648418408614,2.5414085388183594,0.5640204865556978,0.460767341569546,0.49076024066996693,0.6629107981220655,0.6219512195121953
0.001795198570949081,3.027024507522583,0.5361826437905337,0.4263004759636725,0.45392207545786206,0.6023474178403758,0.607520325203252
0.01665200550762654,4.534669876098633,0.33811200536552644,0.19760404887726785,0.23073641022681132,0.3821596244131455,0.4178861788617886
0.011176256630950598,3.100424289703369,0.49457959880495084,0.36584259718266665,0.3977421472013212,0.5647887323943662,0.6089430894308944
0.0012120102313277659,3.3194987773895264,0.5254180051066634,0.4063397291964347,0.4369588515099348,0.6056338028169015,0.6353658536585366
0.000393399625945269,2.8075907230377197,0.5210361584712956,0.40411972640998983,0.43633289690228244,0.6262910798122066,0.6349593495934961
0.004473743888815106,3.012120246887207,0.4772300469483567,0.35797987603560166,0.39123280124737386,0.583098591549296,0.5902439024390246
0.002270576683923849,2.966301679611206,0.5133071537888311,0.40895654117944374,0.4355622399872363,0.6070422535211267,0.5837398373983741
0.0009623271866374451,3.0848095417022705,0.5243348982785603,0.41638617534514655,0.4440514026813767,0.6098591549295774,0.5991869918699186
0.004072018831388348,2.507838726043701,0.5333831270450989,0.42617135988232124,0.4557512385709279,0.6558685446009388,0.6308943089430894
0.000968454077237698,3.1501963138580322,0.5007629107981221,0.41395155149901014,0.4394692222450414,0.6436619718309858,0.6211382113821138
0.0031777234749424408,10.582176208496094,0.27618082230758284,0.16875693776183665,0.18932028730779601,0.2877934272300469,0.20325203252032517
0.029572141117799884,4.316444396972656,0.5063380281690141,0.4143223538763445,0.43654427843803245,0.5657276995305164,0.6211382113821139
0.02399549175357036,4.792962074279785,0.3977103360906177,0.29131042292401754,0.31613765573428704,0.4643192488262911,0.4073170731707318
0.0061192336613081055,3.7738215923309326,0.4655097250167672,0.32428383505542113,0.35692114063921326,0.5394366197183097,0.5040650406504066
0.0033008105031227903,3.140273094177246,0.5420681986656782,0.4387406726996438,0.4663812450623316,0.6084507042253519,0.6642276422764227
0.0018650071954622416,3.2469425201416016,0.5159624413145539,0.38281662060392413,0.4159796580297276,0.5690140845070424,0.565650406504065
0.0014485860618816645,3.511908531188965,0.4791079812206572,0.35813153748038423,0.3929602713967193,0.6122065727699532,0.5333333333333332
0.00175782893499652,11.082929611206055,0.21653154219434262,0.09494615843207393,0.11771682738209542,0.1990610328638498,0.28617886178861784
0.009919787464014007,2.877051591873169,0.532032832446182,0.4309825215382472,0.4581162982712337,0.6572769953051644,0.5800813008130081
0.01238552727349726,4.685478210449219,0.4298591549295774,0.3006568719887764,0.3336699162507149,0.512676056338028,0.6065040650406504
0.008398050004161769,2.6087889671325684,0.5744131455399062,0.4695965918970613,0.49702452423874594,0.671361502347418,0.661788617886179
0.0007446269578505298,3.067171096801758,0.536443661971831,0.4086078359583156,0.4416884935999091,0.6342723004694838,0.651219512195122
0.0009660307203650736,3.7081315517425537,0.46978537894030836,0.35483574555221825,0.38217982090826536,0.5629107981220658,0.597560975609756
0.004349533498097755,4.649990081787109,0.4948116730687153,0.3713351553227039,0.3983126240168267,0.5276995305164317,0.4373983739837398
0.0005195922043459456,3.5072340965270996,0.4988262910798121,0.3951260812324296,0.4214712222907905,0.5929577464788736,0.565040650406504
0.00032489523343824385,2.9723150730133057,0.5394366197183098,0.4166808418951714,0.4506202509478155,0.6342723004694838,0.6357723577235772
0.00015515494125204542,3.0273609161376953,0.5464788732394367,0.4293696154382009,0.4637776564776778,0.6319248826291081,0.6121951219512195
9.01738636069871e-05,3.158590793609619,0.5553521126760564,0.43287094547964117,0.4655609879090176,0.6276995305164321,0.6036585365853657
6.506466052800153e-05,2.9826369285583496,0.5599108205853944,0.43805961372097313,0.4709687204044069,0.6431924882629111,0.6325203252032521
7.475138995568526e-05,3.222161293029785,0.5524114383269314,0.4296596487135373,0.4622629531968985,0.631455399061033,0.6390243902439023
0.0001134392348575799,2.8264949321746826,0.5555432007248168,0.4354223732086562,0.4692587390555529,0.6455399061032866,0.6390243902439026
0.000153053911757874,2.8967108726501465,0.5522176921176181,0.4293179690056604,0.46317817332519723,0.6295774647887327,0.6146341463414634
8.084122820268625e-05,2.9136693477630615,0.552804546577712,0.4314865359629597,0.4650799000005265,0.6370892018779345,0.632520325203252
0.00014591023530110148,2.9480183124542236,0.5697610222739948,0.46314507009853,0.49243827003850765,0.651643192488263,0.624390243902439
0.0009855541393284538,3.243636131286621,0.5121638924455826,0.39222628848777047,0.42600778300592185,0.6211267605633803,0.5967479674796747
0.00018555087292124474,3.038677930831909,0.5394135948064784,0.41942704536397135,0.45249082701289317,0.6333333333333334,0.5975609756097561
8.398231818519115e-05,2.946660280227661,0.555210649864097,0.4409340260565,0.4733698898839687,0.6535211267605636,0.6195121951219513
0.00024703999724106696,2.6481950283050537,0.5532404956052104,0.44209285503682316,0.47200887835982624,0.6671361502347418,0.5910569105691057
0.00021476554802694043,2.6824100017547607,0.5589649005141963,0.45278239485220506,0.48388246813604147,0.663849765258216,0.6252032520325204
0.00014487188034546482,3.0124340057373047,0.5563603845293987,0.43815534106409804,0.47179033021857264,0.6629107981220659,0.6008130081300813
6.328949594399686e-05,2.840059518814087,0.5815604151223129,0.47099848689560875,0.5021426321204308,0.6647887323943664,0.6325203252032521
5.3002538388707746e-05,2.8875041007995605,0.5693256508749468,0.45850575271273375,0.4895095818964941,0.659154929577465,0.6146341463414633
0.00010122336212120968,3.2109363079071045,0.5247332479726846,0.4084803615034276,0.4391135302869487,0.6225352112676058,0.5813008130081301
5.0396422858257344e-05,3.107790231704712,0.557981220657277,0.4448870031784913,0.47630866841900504,0.63943661971831,0.6252032520325204
4.844915053824289e-05,2.915947675704956,0.560093987840084,0.4485780382779771,0.4800907038763489,0.6558685446009391,0.6520325203252034
6.790988639767531e-05,2.930683135986328,0.5813759751491405,0.4683462773419908,0.5004407589350239,0.6558685446009392,0.6357723577235773
2.405413853406785e-05,3.0759406089782715,0.5525228564368669,0.43450924548903735,0.46733103643686397,0.6384976525821596,0.6105691056910568
0.0001752152682772898,2.765042543411255,0.5861378799110453,0.47898299620589896,0.5087112385780745,0.6802816901408453,0.6365853658536587
3.403432000836097e-05,2.8484628200531006,0.5809266123054115,0.47301055933021635,0.503379547100939,0.6685446009389674,0.6276422764227643
0.00021845702434129872,3.1510746479034424,0.5755441741357236,0.4616723691585908,0.4940416619061785,0.6591549295774648,0.6341463414634145
7.318082074192489e-05,3.1130990982055664,0.5604993597951344,0.4464003667739124,0.4781541109562192,0.643661971830986,0.6016260162601625
4.220947304479854e-05,2.99666690826416,0.5810322461082285,0.4701232353865544,0.5001333317751618,0.6615023474178406,0.6302845528455283
3.607144649241837e-05,3.185931921005249,0.5632629107981221,0.4522388922909437,0.4833062051129741,0.6502347417840376,0.6292682926829267
4.7370685480911815e-05,3.1164984703063965,0.5591130114017439,0.4465637302073311,0.47722265521799473,0.6422535211267608,0.6170731707317074
5.669427448804233e-05,3.1654932498931885,0.5567951569063504,0.44858299555788855,0.47879220914902143,0.634741784037559,0.6300813008130083
2.565793790781177e-05,3.464909553527832,0.5666239863422963,0.46151417360847863,0.491536123504864,0.6394366197183099,0.6398373983739838
2.9213309520717257e-05,3.1215665340423584,0.5734191432486466,0.46121646140935796,0.49207587225086863,0.6507042253521129,0.6455284552845528
2.2944883613739258e-05,3.327765703201294,0.565215535638071,0.44499617673836916,0.4769967699824462,0.6361502347417841,0.6390243902439026
4.514719930308807e-05,2.960484266281128,0.5683645734053444,0.44983409312558126,0.482331600960202,0.6389671361502347,0.6284552845528456
9.059034915769763e-05,3.3548848628997803,0.5751081047689647,0.46140158179349855,0.4923249026095216,0.6441314553990611,0.6642276422764227
2.6725656676083572e-05,2.9948036670684814,0.5641615776530529,0.45022712766129797,0.4817695127269867,0.6502347417840377,0.6439024390243903
0.0001570400913145526,3.42094349861145,0.5449292491546011,0.42288492630501207,0.45328680096854146,0.640845070422535,0.5821138211382114
0.000461079628248219,3.095520496368408,0.5487590615463113,0.4305361962434834,0.4643460955632863,0.6553990610328637,0.6
0.0006581332430637608,16.299339294433594,0.32946009389671355,0.22605547401424106,0.25099933321906215,0.38215962441314555,0.32682926829268294
0.00627586005197866,3.3588855266571045,0.5613139362490736,0.44657888285159164,0.4767885900118032,0.6431924882629109,0.6034552845528455
0.0007502866952525882,3.403038740158081,0.5164710485133022,0.40162310416443914,0.43351298045135744,0.6201877934272302,0.5817073170731706
0.00774053730868866,3.9569575786590576,0.5126291079812206,0.3989610610523042,0.4304922404176914,0.6042253521126761,0.610569105691057
0.0009887246745228393,3.4512460231781006,0.5642722772736553,0.4436610484161005,0.47663339447614783,0.6563380281690141,0.5752032520325204
0.00042692497881261323,3.4023923873901367,0.539354970402123,0.4346577694832441,0.4639715490905299,0.6464788732394366,0.5896341463414634
0.0018514085822301295,3.961106300354004,0.5124199743918054,0.39621315655608375,0.4278395471435194,0.5929577464788732,0.6097560975609757
0.0006375251383066194,3.370400905609131,0.5690604151223129,0.4440151051234946,0.4764783659876074,0.6375586854460095,0.6308943089430894
0.00022503783296318276,5.14706563949585,0.44604075193400616,0.3412007498560876,0.3692715277605325,0.536619718309859,0.5951219512195122
0.0002929967557558888,3.4380996227264404,0.556622189276007,0.4428043138055387,0.4719991396329747,0.6258215962441315,0.6056910569105691
8.9326787323721e-05,3.223177194595337,0.5503391301934887,0.433422159365209,0.4629867657620118,0.6220657276995306,0.602439024390244
0.0003037101567577562,3.5751686096191406,0.49818075117370886,0.3748039228392363,0.4058076316437269,0.6220657276995306,0.5813008130081302
0.00012028159495948039,3.226520299911499,0.5104451269017614,0.40076784377764185,0.4276651381886672,0.5976525821596248,0.6382113821138211
0.0004647753416534147,3.011847972869873,0.5660118606375094,0.4512065225491434,0.4833310122145427,0.6582159624413145,0.6292682926829267
5.4401013311729767e-05,3.1142759323120117,0.5418921423276502,0.4300584019414393,0.4605153304800103,0.639906103286385,0.6260162601626016
0.00024369216952667313,4.156652927398682,0.48651264311012254,0.3691258339084426,0.40089711057378297,0.5774647887323946,0.6422764227642276
0.00012692655452958628,3.048574447631836,0.5430071658018286,0.4217813321150738,0.45262508486379716,0.6272300469483569,0.6341463414634146
0.00023818515465734436,3.075712203979492,0.5284037558685446,0.40414311958708776,0.4362531671599402,0.6122065727699532,0.6032520325203252
8.070656921740377e-05,2.8698575496673584,0.5490550138437462,0.4234967507676224,0.45655057426798296,0.6446009389671362,0.602439024390244
0.00014296753630475647,2.6758604049682617,0.5793231611893584,0.4670109222160661,0.49523365914187883,0.6746478873239439,0.626829268292683
6.185961171880406e-05,2.9694008827209473,0.5303280207561157,0.41148343631299333,0.44399917112371257,0.6361502347417842,0.626829268292683
0.00011769133470902438,3.26633620262146,0.5671948356807514,0.4314664692394843,0.4663472552432317,0.6309859154929578,0.624390243902439
0.00019256518283933515,3.237375020980835,0.5448943661971832,0.4235214021650031,0.45631678786128427,0.6408450704225354,0.6422764227642277
3.633239252490854e-05,3.4758050441741943,0.5389310220296137,0.4141096822480778,0.44720845860846464,0.6140845070422537,0.6073170731707318
0.00013650219470460754,3.075761079788208,0.5885879378837127,0.4745201968655736,0.5073656391004068,0.6835680751173713,0.6414634146341465
0.00012554107007072468,2.8910303115844727,0.5726254965691587,0.46147678880583554,0.49443712156030745,0.6704225352112677,0.6252032520325205
2.419778628943681e-05,2.940796375274658,0.5669600938967138,0.4551806167115414,0.4886132124410621,0.6680751173708922,0.6308943089430894
2.7251954288075702e-05,2.9182097911834717,0.5571009389671363,0.4534769378482382,0.48494812098107754,0.6774647887323944,0.6365853658536587
1.648976875682367e-05,2.8710341453552246,0.5545187793427232,0.4389192211778454,0.47212980924790143,0.6572769953051645,0.6300813008130083
9.443765894933568e-05,3.5029454231262207,0.5412307176391684,0.40993408653747493,0.44483302722251394,0.607981220657277,0.5934959349593496
3.4966675294670386e-05,2.9736790657043457,0.5669600938967138,0.4403102836017717,0.47548971571416454,0.6413145539906105,0.6113821138211382
3.053964902087708e-05,3.037269353866577,0.561548678033111,0.4318040016805071,0.4669857368526196,0.6244131455399062,0.602439024390244
4.244904407007839e-05,2.993561029434204,0.5681338028169015,0.44772396591033037,0.48126547383704604,0.6455399061032865,0.6211382113821139
2.534070839462627e-05,3.079303741455078,0.5563380281690142,0.4376754731286269,0.4718521837147069,0.6488262910798124,0.6146341463414635
1.78950779735869e-05,3.1043813228607178,0.5676696542893727,0.4475813172108335,0.4811189293340797,0.6483568075117374,0.6439024390243905
1.011232339724921e-05,3.1240170001983643,0.5636790439607342,0.44188920425397255,0.47622008974280655,0.6455399061032866,0.6292682926829268
0.004032819431795057,3.9863405227661133,0.4950704225352113,0.35095445458580793,0.3866231716514751,0.5849765258215964,0.5788617886178862
0.002147263504675398,3.0131845474243164,0.5309735606622189,0.3955152412056883,0.4303013755355345,0.6028169014084508,0.6406504065040652
9.186782617577045e-05,2.8153634071350098,0.5393815845632004,0.412706812533818,0.4452922298076026,0.6314553990610331,0.648780487804878
0.0002950756614987384,3.0507383346557617,0.5450277422108408,0.41593676930072104,0.4494785339058953,0.6295774647887326,0.6313008130081302
6.366545791939276e-05,2.951371669769287,0.5548868971404183,0.4331952099067837,0.46593187286913945,0.6399061032863852,0.6495934959349595
3.472782644384344e-05,3.010976791381836,0.5468933216524025,0.42387694119629205,0.45764599486593954,0.6380281690140847,0.6504065040650406
8.807750578055161e-05,3.1241538524627686,0.5466096977119635,0.42330978625375437,0.45492499620902754,0.6262910798122066,0.6528455284552847
2.6555703502479567e-05,3.072455883026123,0.5370800560941407,0.39691586718377897,0.4321707168530976,0.619718309859155,0.6203252032520328
0.0003738575016658795,19.351600646972656,0.2958920187793428,0.17362673086290148,0.19753542922953787,0.3117370892018779,0.3154471544715446
0.0015502436903553974,3.5326757431030273,0.5254561459667094,0.3905478928320325,0.42162577227791703,0.5981220657276998,0.6186991869918699
0.00010689727369669183,3.0747926235198975,0.5331289170429274,0.40996610905367786,0.44193630489781455,0.6286384976525824,0.6150406504065041
0.0008728575148411255,2.842402219772339,0.5620571916346566,0.4448400440215096,0.4771630474569332,0.6629107981220658,0.6495934959349595
0.02880140582285884,4.081447124481201,0.5167160859896219,0.4084768514468453,0.4380596711847003,0.5863849765258216,0.6056910569105691
0.0044729357040228365,5.395623683929443,0.3922174070061392,0.25457245350795055,0.2898849318380004,0.47981220657277,0.4642276422764228
0.007355037451074806,3.6739742755889893,0.5267178830559113,0.412432609613667,0.4440622101804563,0.6089201877934273,0.6065040650406505
0.00019859940354755604,3.1123313903808594,0.5379688658265382,0.4233824849256569,0.45584815749299645,0.6441314553990609,0.6058943089430895
0.0031235125565590334,4.873110771179199,0.5152582159624414,0.4243230720879221,0.4473119987147208,0.5849765258215961,0.6284552845528455
0.00044618172189390026,3.178452730178833,0.5366197183098591,0.42262328668738147,0.4547561992160273,0.6483568075117372,0.5959349593495935
0.00021810105685597306,2.9127249717712402,0.5676056338028169,0.46092286407656885,0.4914104229335892,0.6657276995305165,0.6065040650406504
9.594291156055483e-05,2.9729881286621094,0.5259297010130961,0.41126193554240087,0.4416722822794567,0.6366197183098592,0.6091463414634146
0.004082614250599087,2.889012336730957,0.5138991845811712,0.41391220916481175,0.4436725931920722,0.6427230046948357,0.6439024390243903
0.004820958139821109,3.9143636226654053,0.4741784037558684,0.3484020008402536,0.3806353874200492,0.5826291079812207,0.5544715447154471
0.00013260015106855415,3.1516947746276855,0.5431742155720701,0.43286754342480005,0.4652294517146068,0.6394366197183099,0.6146341463414635
6.153309794472283e-05,2.871081829071045,0.5504492382572006,0.4438233912330667,0.47307997756284914,0.6469483568075118,0.6097560975609756
8.074226831995678e-05,2.8406097888946533,0.5767526729001461,0.46790156397321125,0.498499411697649,0.6586854460093896,0.6089430894308944
5.2614813874004427e-05,2.8648521900177,0.5442733487581524,0.43165631199974935,0.4631232467587154,0.6478873239436619,0.618089430894309
8.062313799954237e-05,2.8964385986328125,0.5235017950842308,0.4132499613893777,0.4437480548008888,0.6323943661971833,0.6020325203252034
0.000564311133030887,4.464349746704102,0.5126525821596244,0.4048676114658968,0.4321395866287947,0.5976525821596244,0.4878048780487805
0.0015911681220853653,2.869615316390991,0.5348884976525823,0.42514560794720013,0.45586237053094286,0.6483568075117372,0.5926829268292683
0.0001580186593632483,2.9734199047088623,0.5295567263228494,0.4326588084599924,0.461854622224694,0.6530516431924883,0.6146341463414634
0.00022964834079668628,2.8904097080230713,0.5342546507112853,0.42139020921017256,0.4549286424217903,0.6389671361502346,0.5890243902439024
3.12008050001684e-05,2.9693996906280518,0.5305658512478378,0.417671876670652,0.44999559536828476,0.6455399061032865,0.6018292682926829
0.000958038459789825,16.60457420349121,0.2521462105969149,0.1474614352783366,0.158380873035434,0.20422535211267606,0.1804878048780488
0.001386957555391559,3.230085611343384,0.5497893818775632,0.44846754439681574,0.4764195109842636,0.6615023474178403,0.6170731707317072
0.00011095482751148943,3.218472480773926,0.5502810723993082,0.44075106570717915,0.4711542932679934,0.6544600938967134,0.6203252032520326
8.02529202428856e-05,3.581812858581543,0.5367477592829705,0.43090999566913024,0.4610817297494119,0.6469483568075116,0.5949186991869918
8.670754055526983e-05,3.846641778945923,0.5106587112759156,0.3966026702350442,0.4290942950416183,0.6093896713615023,0.5666666666666668
0.0007325914205003457,3.246396780014038,0.5201852418860992,0.41883524172409664,0.44790584429178215,0.6455399061032863,0.5916666666666668
3.5694893633183085e-05,3.1450729370117188,0.5385898725687458,0.4355468074145356,0.46552042468083704,0.6507042253521126,0.6075203252032522
2.1849156859275142e-05,3.399517059326172,0.5370808182427901,0.43791153793399157,0.46757564941728225,0.651643192488263,0.5932926829268292
3.332869892496679e-05,3.323681592941284,0.5288502755664422,0.4277329354549196,0.45778607526362713,0.6530516431924881,0.5961382113821139
3.944053997489071e-05,3.147064447402954,0.5433729570404886,0.43869500416346724,0.4696441872686684,0.6544600938967139,0.6097560975609756
4.9259516055208187e-05,3.4749863147735596,0.5081211909135974,0.404754881948697,0.4358367240618001,0.644131455399061,0.6373983739837398
3.0017959055845445e-05,3.4144790172576904,0.5225175824379743,0.4146897730991424,0.4452278230351979,0.6436619718309858,0.6308943089430896
5.2977564321183964e-05,3.5058295726776123,0.5248702742772424,0.4206457451094113,0.4524372451994963,0.6394366197183099,0.6219512195121953
5.4414163297082465e-05,3.1266329288482666,0.5431748594332797,0.43766288552571475,0.46884090870127876,0.6539906103286386,0.6349593495934961
0.00010648346434114067,3.827289342880249,0.5019632949210414,0.3942126862085018,0.4256541806889782,0.6295774647887324,0.5951219512195123
8.35564677912514e-05,3.4266514778137207,0.5267764481626601,0.4284741460032336,0.4591813267654656,0.632394366197183,0.6178861788617886
1.7729466648415922e-05,3.2998483180999756,0.5472417840375587,0.4430200634834234,0.47428818352376434,0.6549295774647889,0.6325203252032521
2.0650567385129098e-05,3.423602342605591,0.5078051643192488,0.4065762638093728,0.43581678195716467,0.6361502347417841,0.6178861788617886
7.925478365953651e-06,3.5125503540039062,0.5453638497652583,0.4369429081196789,0.4690041865505528,0.6422535211267607,0.6227642276422766
0.00010549456353501584,3.207399368286133,0.5357394366197183,0.4324111280673846,0.46424302142998053,0.6553990610328639,0.613008130081301
2.1806226580878274e-05,3.3287441730499268,0.538556338028169,0.43653485594187785,0.468181319170442,0.6427230046948356,0.610569105691057
2.0512207458256936e-05,3.110677480697632,0.5474765258215963,0.44027013395455955,0.47167943895138886,0.6492957746478872,0.6170731707317074
1.5628206223666372e-05,3.1545562744140625,0.5472417840375587,0.4402347363839506,0.47170355863392965,0.6572769953051644,0.6130081300813008
2.3098441459554654e-05,3.203523874282837,0.531284677763551,0.4245892936794141,0.4562339881834997,0.6502347417840376,0.6170731707317073
1.6600159433297524e-05,3.1634323596954346,0.5493597951344431,0.4442445980229201,0.4736922320468734,0.6502347417840374,0.6373983739837399
1.9147546716249012e-05,3.144310235977173,0.5130755291985832,0.41195904897986957,0.44113515157705735,0.6460093896713615,0.6495934959349594
1.3770195318190324e-05,3.1627092361450195,0.5455915717591033,0.4424877607027025,0.47108294329304023,0.6511737089201878,0.6390243902439026
1.4789315043118585e-05,3.1609766483306885,0.5409037558685446,0.43915479997537565,0.46905753210403095,0.6450704225352112,0.6260162601626017
2.7492456080162464e-05,3.178551197052002,0.5453568299750656,0.4435624806271879,0.4749616121344245,0.6497652582159625,0.624390243902439
0.00014598263007507145,3.6137001514434814,0.4911429100921315,0.3999182129815932,0.4232566131806523,0.5793427230046949,0.6447154471544716
8.016181660606534e-05,3.312589645385742,0.5268068939955523,0.4203609337182516,0.45136206613953367,0.6333333333333334,0.626829268292683
8.718967609082507e-05,3.8108201026916504,0.4733903420523138,0.36667752354167943,0.3977090871023251,0.599530516431925,0.573170731707317
1.8093273468282966e-05,3.336225986480713,0.5316261203585146,0.4308883845207586,0.45994569555589343,0.644131455399061,0.6317073170731706
2.3118448514897112e-05,3.3712260723114014,0.5219766557182356,0.42107585394276564,0.45103322336972124,0.6436619718309861,0.6195121951219513
0.00019896564835191066,12.233532905578613,0.22563380281690146,0.10003266512656182,0.11989039225590396,0.19295774647887318,0.29349593495934956
0.00011727020598365981,3.4859066009521484,0.5122439180537773,0.4121089661965351,0.4428912475892664,0.6431924882629108,0.6097560975609756
3.311147279354255e-05,3.2160873413085938,0.5164489970123773,0.4189168505396307,0.44790796687324846,0.6464788732394366,0.626829268292683
2.195809497670746e-05,3.1094858646392822,0.5273970747562298,0.42295734147234454,0.4538744576448563,0.6455399061032863,0.6083333333333334
1.4095765944264106e-05,3.196378231048584,0.5084833072509128,0.4061379063430503,0.4357503756852787,0.6413145539906103,0.6048780487804878
1.3422244659430442e-05,3.330099582672119,0.5258371477793272,0.4257578482165132,0.4549722784019214,0.6427230046948357,0.6056910569105692
0.00013581974562557509,3.0874390602111816,0.5145657276995304,0.4210533247795954,0.44916360941882016,0.6511737089201877,0.6186991869918699
2.6162421145934432e-05,3.368213415145874,0.5131381172409955,0.41785673785061417,0.4476882598817584,0.6539906103286385,0.6146341463414635
4.551389995666509e-05,3.619579792022705,0.5204005113825593,0.42570866422366727,0.452911003001306,0.6380281690140844,0.6528455284552847
2.567528778173406e-05,3.343583106994629,0.5137018693356722,0.4268095286696022,0.45237172616115884,0.6422535211267605,0.6439024390243904
0.00030892063062966233,6.402950286865234,0.4107981220657275,0.27503310253361296,0.3080613010060798,0.47183098591549294,0.4154471544715447
0.001661353842842773,3.4660167694091797,0.5292183323224836,0.42304887294783194,0.4517331645100081,0.6366197183098593,0.6365853658536585
5.20580663821145e-05,3.1811978816986084,0.5547465013365681,0.4475348548618604,0.47872280806371004,0.6492957746478876,0.6390243902439025
0.00015900788669531043,3.5231311321258545,0.5514389366502044,0.436617066867118,0.46471790486982734,0.6173708920187793,0.6252032520325204
0.0015614979701132836,2.769465208053589,0.5619556418973611,0.4457788869556578,0.4799547586006778,0.6910798122065728,0.6430894308943091
0.00015454794043501916,3.0945088863372803,0.5254293532474902,0.4176598776772281,0.44726844216383366,0.6460093896713615,0.6317073170731707
0.0008746046205321831,3.2950472831726074,0.5257704119453565,0.40856309623711135,0.4384554074959685,0.628169014084507,0.6323170731707317
7.098826859028088e-05,3.131681203842163,0.5542731835106774,0.43880474473248515,0.46891196444699296,0.6422535211267606,0.6463414634146343
6.41132031149792e-05,3.258235454559326,0.5324221874456617,0.4210831548604564,0.4517283368965744,0.6333333333333334,0.6008130081300813
0.00010344010340588527,3.4309585094451904,0.5342723004694836,0.42603477818062435,0.4565330524800728,0.6333333333333334,0.626829268292683
0.005944740460638617,26.96166229248047,0.14104627766599598,0.06783913356683309,0.07869214531377486,0.11267605633802817,0.13495934959349593
0.014280248163229045,7.102235317230225,0.343035993740219,0.198913394483919,0.22902525832293097,0.35586854460093903,0.4373983739837398
0.0007108691247934198,3.1514322757720947,0.5194835680751174,0.4065096213350958,0.43712580455684696,0.6370892018779342,0.621747967479675
0.00013684176682046649,3.1184322834014893,0.5338028169014085,0.41579001653506653,0.44744949834700676,0.6370892018779342,0.5815040650406504
0.00010234149133894796,3.8376433849334717,0.5026637015072893,0.3915955151197037,0.4200867439229283,0.6070422535211267,0.6235772357723578
5.09057892811818e-05,3.1947925090789795,0.5357447716602647,0.4135335631610383,0.4450696465249207,0.6225352112676057,0.6079268292682929
0.00010316401565684452,3.279696464538574,0.5437206572769954,0.4191751421032907,0.4492643000588324,0.6159624413145541,0.6024390243902441
9.375967504419225e-05,3.564929723739624,0.5167253521126761,0.3963763255863684,0.4271216590389456,0.6042253521126761,0.6189024390243901
0.0006342841956114556,6.262558460235596,0.4379571287373363,0.3472274063057895,0.3676491711065857,0.5295774647887324,0.4707317073170731
0.00970654715986,3.299288749694824,0.4877683146936537,0.3894638361570389,0.41815036329991856,0.6140845070422536,0.6189024390243905
0.00010205233840947382,3.2096359729766846,0.5516431924882629,0.4253928671330182,0.45680559314012087,0.6173708920187796,0.5589430894308943
0.0007104403588832535,3.482074499130249,0.5460734101579172,0.42314183004630024,0.4558156221801072,0.6300469483568074,0.6073170731707317
4.8067856155853406e-05,3.3087987899780273,0.5521766965428937,0.42274127858941096,0.4563001066363958,0.6342723004694837,0.5735772357723578
0.00038501757283892547,2.97762131690979,0.5315194195475885,0.40979182664424557,0.44494267258069553,0.6455399061032864,0.6180894308943091
9.075632103595517e-05,2.880038022994995,0.5338668373879643,0.40945973749096837,0.44497225583195094,0.6422535211267607,0.6138211382113822
0.00013068408187114617,3.659611940383911,0.502582159624413,0.3761994673354133,0.4093509916557786,0.5868544600938966,0.48699186991869914
4.1675748369278375e-05,3.074214458465576,0.5561673068715323,0.4309716754634084,0.46653445395606247,0.6446009389671361,0.6099593495934961
3.2156294076499075e-05,3.107966184616089,0.5571062740076825,0.43569333877662103,0.47099500549494455,0.655868544600939,0.6148373983739837
1.7888362346023732e-05,3.0475270748138428,0.5596884336320957,0.4335299883034114,0.46995276193480245,0.6474178403755869,0.6243902439024391
0.00011138251527148287,2.9222943782806396,0.5819953051643192,0.4823526910253794,0.5128692843492545,0.6788732394366198,0.6528455284552847
3.0675484057283386e-05,2.8360087871551514,0.5694692717709767,0.4610368815145301,0.49379217572545286,0.6746478873239439,0.6390243902439026
2.5421402570173482e-05,2.8917505741119385,0.5610126842928919,0.44158628907097985,0.47572987482741563,0.6572769953051644,0.6113821138211383
0.0006550016417961046,3.352433443069458,0.5458920187793428,0.41909123015062993,0.45420311249589485,0.6408450704225352,0.6284552845528454
9.587926040857053e-05,3.09378981590271,0.5359154929577464,0.41412662772123887,0.44905091228540706,0.6577464788732393,0.610569105691057
7.236235386277816e-05,2.9909658432006836,0.5666239863422964,0.44977938484368374,0.4823516501588261,0.6591549295774648,0.6016260162601628
2.5116253229618025e-05,3.059800624847412,0.5363726216950828,0.41617032306560786,0.4492936714397487,0.6408450704225351,0.6227642276422766
0.000770870294994638,3.493494987487793,0.508032886313094,0.3943729688922585,0.42746343589028624,0.6197183098591549,0.6455284552845529
0.00012774203904118605,3.5051443576812744,0.5157793651863333,0.39211074012513086,0.42632448008668467,0.6122065727699532,0.6382113821138212
0.0008353445797648595,3.3987526893615723,0.5358372456964007,0.4216037475524106,0.453000536573082,0.6215962441314555,0.6552845528455284
0.00012088812448752204,3.7115650177001953,0.5248275939528718,0.40904693863665087,0.4394576404060111,0.6103286384976526,0.6317073170731707
0.0003660957869659302,3.41970157623291,0.5406619942943146,0.4213567718711626,0.45310887966134317,0.6384976525821597,0.5577235772357723
0.00044913281032702573,3.8662636280059814,0.5402849847623755,0.42043078384423566,0.4493455567906335,0.6319248826291081,0.5829268292682929
5.524207741236354e-05,3.355917453765869,0.5497102230608533,0.42574694004067337,0.46010442416663394,0.6464788732394366,0.5500000000000002
6.431512157822231e-05,3.462891101837158,0.5200080110291379,0.40497189254690796,0.43553502389940674,0.6178403755868546,0.5650406504065041
1.7514072611070126e-05,3.4454076290130615,0.5474513749161638,0.43260226954858516,0.46467757766755663,0.6431924882629106,0.573170731707317
1.61994212380398e-05,3.3065688610076904,0.5519419547588562,0.42909673013928995,0.46231545165919224,0.6394366197183099,0.5636178861788618
1.609728241286108e-05,3.6154680252075195,0.5462104364624751,0.4279306596422335,0.4613499468092425,0.623943661971831,0.583130081300813
3.244815262033264e-05,3.4925615787506104,0.5572433003122405,0.43376509729336843,0.4665279243234623,0.6211267605633803,0.583739837398374
0.0001294432793951366,4.303533554077148,0.5457159624413146,0.44002163274871986,0.4709235312891395,0.6145539906103287,0.5910569105691057
6.032146080854803e-05,3.505915641784668,0.512418350683813,0.39949430074812803,0.4293716119985106,0.6061032863849765,0.6073170731707317
2.1002845927784354e-05,3.5409271717071533,0.5168107127614171,0.404820517306739,0.43572394548227156,0.6150234741784038,0.6097560975609755
1.6664639160858136e-05,3.5863606929779053,0.511182244985062,0.40022293179366053,0.4304078177059441,0.6112676056338029,0.602439024390244
3.0612273235101555e-05,3.6005680561065674,0.5138321364285847,0.40220271170771277,0.43107044960608426,0.612206572769953,0.6235772357723578
2.5120621405435765e-05,3.5518786907196045,0.5114793835476628,0.40065529246331466,0.42877860581612,0.603286384976526,0.6154471544715447
2.8934963019025582e-05,3.298157215118408,0.5254961587708067,0.40677794086040675,0.4383297300280148,0.6201877934272303,0.6040650406504066
7.257227914028429e-05,3.4919135570526123,0.5089846094108511,0.3933607711756314,0.4234828912163897,0.6023474178403755,0.5853658536585367
7.42954210805174e-05,3.321106433868408,0.5201664532650447,0.4150111457796699,0.44250288520576564,0.6183098591549295,0.5788617886178863
8.251541679713106e-05,3.462017059326172,0.5107249557953784,0.4011598495967755,0.4293449974246488,0.6122065727699529,0.5959349593495935
1.8323335044361267e-05,3.5132651329040527,0.5167002012072436,0.40376698732383587,0.43445418908318734,0.6103286384976526,0.613008130081301
1.1679270659196476e-05,3.671415090560913,0.48525308395582667,0.37659169995820335,0.40542487653261283,0.6065727699530515,0.5804878048780489
9.748071821150324e-06,3.326009511947632,0.5284372904091214,0.42358031171462485,0.45172412416012264,0.6225352112676056,0.610569105691057
1.2999757245859158e-05,3.4268651008605957,0.5307191634656424,0.42114371683671536,0.4496828930724838,0.6225352112676055,0.591869918699187
9.361038869875745e-05,6.808938980102539,0.44600938967136144,0.3416583235321754,0.3663874586185393,0.5032863849765258,0.4853658536585366
0.00015718661006100822,3.417754650115967,0.5234334481925289,0.40376625561204044,0.43503201234090677,0.6225352112676056,0.6219512195121951
9.65007331079891e-06,3.5450398921966553,0.5123574782025487,0.396263247763554,0.42713783214669887,0.6169014084507042,0.6284552845528455
1.7793365311744976e-05,3.347590684890747,0.5251630998109872,0.4126805924111497,0.4421902464520094,0.6234741784037557,0.6065040650406505
2.61966092441111e-05,3.357727289199829,0.5156940045375923,0.38948330887093896,0.4213216650342807,0.6112676056338029,0.5983739837398374
6.386912533805749e-05,3.3357646465301514,0.5319035424669227,0.4125940857166618,0.4439853153592644,0.6300469483568074,0.6252032520325205
2.483178841105828e-05,3.2366580963134766,0.5193997317236753,0.396378458620753,0.428889416807987,0.6248826291079811,0.6097560975609757
0.0002557458300154954,3.713315963745117,0.5200635183650925,0.3908894753383425,0.42336496587896816,0.6014084507042252,0.6138211382113822
0.000251672459303758,3.0560202598571777,0.5492344216816049,0.44724081202188987,0.47760690521779636,0.654929577464789,0.6123983739837401
3.107553127407595e-05,3.197906494140625,0.5226717435869277,0.41311941968504534,0.4443916900893535,0.6239436619718309,0.6010162601626017
3.335163681233739e-05,3.2080752849578857,0.5386758824552252,0.42715995921854255,0.46016570796755896,0.6366197183098592,0.6048780487804879
0.0003203722166637847,3.4746906757354736,0.5552159849046432,0.44072761852921055,0.4731495190884628,0.6408450704225352,0.6398373983739837
8.376371474260628e-05,3.6579244136810303,0.5433247972684593,0.43083670298765214,0.4625847090494815,0.6169014084507042,0.6422764227642277
5.7641708005154984e-05,3.5417568683624268,0.5559148752162096,0.42790448002021797,0.46301036960795044,0.6150234741784038,0.6148373983739838
2.0180135406543183e-05,3.581173896789551,0.5288992697443402,0.4039664557392666,0.43755098097863815,0.6136150234741783,0.6357723577235774
8.478535160290366e-05,3.516247510910034,0.5184805804524115,0.4033032170478588,0.43583591518334935,0.6253521126760564,0.6138211382113822
1.4215519271611457e-05,3.1519362926483154,0.5376356624596061,0.42196630669686397,0.45584477409960983,0.6370892018779344,0.6341463414634148
4.5549214959739515e-06,3.2070870399475098,0.5312083024462565,0.4152131954367104,0.4499114868362251,0.6276995305164319,0.6268292682926828
1.5156553092720463e-05,3.114107608795166,0.5535087719298247,0.44321821427761415,0.47553351202353555,0.6586854460093896,0.629268292682927
2.5091141880362653e-05,3.1475398540496826,0.5280001647310766,0.41993406493712687,0.4521826655064416,0.6568075117370892,0.6471544715447155
1.7346519633633973e-05,3.180938243865967,0.5463726216950828,0.4289064661722349,0.4638009722077092,0.6619718309859156,0.6243902439024391
4.3734010589389315e-05,3.6245055198669434,0.5293324046845175,0.41666002455959583,0.4455956487208998,0.6525821596244131,0.6432926829268293
1.6123825543393738e-05,3.023062229156494,0.5460093896713616,0.42988008566698105,0.4653860959898854,0.6652582159624413,0.624390243902439
1.157347832393954e-05,3.0410380363464355,0.5521766965428938,0.43759633485291793,0.46988134571327517,0.6615023474178405,0.6276422764227644
2.8105067687449005e-05,3.1290242671966553,0.5406690140845072,0.4283685608012001,0.46160702619222443,0.6676056338028169,0.6186991869918699
7.11503921595502e-06,3.331393003463745,0.5422535211267606,0.4269997926366572,0.4601167173462528,0.6539906103286385,0.6097560975609758
7.225591614010276e-06,3.1107020378112793,0.5373239436619718,0.4278627481475001,0.4597949587543584,0.6699530516431922,0.6097560975609757
1.030779844897322e-05,3.178154468536377,0.5359795134443023,0.4233003739020273,0.45579784563164827,0.6657276995305164,0.6186991869918701
9.5608575745177e-06,3.0233397483825684,0.5524114383269314,0.4396585227953875,0.4712545009625594,0.6629107981220657,0.626829268292683
0.0002118900760733539,4.679551124572754,0.5041666666666665,0.40325784011638266,0.43403957094579104,0.5976525821596245,0.5943089430894309
1.7742575040691378e-05,3.154541254043579,0.517029898690388,0.4028394602720996,0.43364245133132,0.631924882629108,0.5975609756097561
9.72974447860458e-06,3.328209161758423,0.5109389671361502,0.3968934136218275,0.42737991538017356,0.616431924882629,0.5886178861788619
1.7631643123917844e-05,3.2776143550872803,0.5048868971404182,0.39192755567219756,0.4239676798302138,0.6366197183098591,0.5991869918699188
8.135966856551199e-06,3.335869312286377,0.5099108205853943,0.39982810712908695,0.4316254637408206,0.6370892018779344,0.5991869918699188
1.248840359385358e-05,3.2816104888916016,0.5234115217621519,0.40260537459863854,0.43408463202091135,0.6220657276995305,0.5873983739837397
7.381174554000941e-05,3.2492921352386475,0.5458263135431409,0.43334016714349427,0.46435633665925685,0.6577464788732393,0.6658536585365855
4.1507544906518244e-05,3.351516008377075,0.5196344735077129,0.4120124612408751,0.4436608491464437,0.6375586854460092,0.6439024390243901
2.018545481871098e-05,3.3037290573120117,0.5310375811487746,0.4207247834835097,0.452034523009775,0.636619718309859,0.6284552845528456
0.0028104949326231265,5.9983978271484375,0.40330762857689106,0.27679279379983607,0.3089151728120884,0.4981220657276996,0.4910569105691055
0.0038997677100109963,3.0581295490264893,0.4918974773681964,0.3849490582788194,0.4177856546117154,0.6502347417840374,0.5869918699186992
0.0001350040668002394,3.338158369064331,0.5014389366502042,0.3919479518009831,0.4240178208778794,0.6164319248826291,0.596747967479675
1.862162485021859e-05,3.2393267154693604,0.5043533930857874,0.39977113891075916,0.43099254190363334,0.6291079812206574,0.6170731707317072
1.2365244487822278e-05,3.264292001724243,0.49345771599292715,0.3817090627500916,0.41570048668147186,0.619718309859155,0.5758130081300814
1.8045526700628916e-05,3.3365910053253174,0.4821901103591244,0.37392085200413433,0.40579181399251385,0.619718309859155,0.591869918699187
2.1729121822118082e-05,3.100677728652954,0.5090482287665385,0.39101780300698447,0.4245334354172423,0.6272300469483569,0.583739837398374
1.4509353789688288e-05,3.16267466545105,0.5015364916773366,0.38191764651246185,0.4169342570808548,0.6286384976525823,0.5861788617886179
1.3568129973262953e-05,3.2975831031799316,0.49640875556368513,0.38646729005271574,0.4182515134941434,0.6107981220657278,0.5886178861788619
1.685488136862963e-05,3.006848096847534,0.49519312846777624,0.3856092540211749,0.41745456779230755,0.6394366197183099,0.5918699186991869
1.2268015585178444e-05,3.0228075981140137,0.5047222730321322,0.39353744042353966,0.4245290370792673,0.631924882629108,0.5918699186991869
3.333352402720163e-05,3.1803781986236572,0.5016736784342418,0.39561942508513226,0.42833236608401465,0.64037558685446,0.6154471544715446
2.332136621413102e-05,3.1813435554504395,0.5058990305469179,0.38780638743896556,0.4221477735573898,0.6319248826291078,0.6276422764227643
6.794089127952796e-06,3.007873058319092,0.5214895433205292,0.41423719450357543,0.44688790746559914,0.6436619718309858,0.6252032520325204
2.248896627414323e-05,3.111506700515747,0.5270539906103286,0.4200749991089856,0.4524537378319584,0.6568075117370892,0.6317073170731707
7.046843166504051e-06,3.0955917835235596,0.5226632522407171,0.4046636285776928,0.4389367209776007,0.6347417840375588,0.6138211382113822
2.6482421661171296e-05,3.0539844036102295,0.5351045667947076,0.4185019807519298,0.45295897282726916,0.6352112676056338,0.653658536585366
2.915993753193848e-05,2.979750156402588,0.5298762270593257,0.4148718667344917,0.44976126825832274,0.6511737089201878,0.6243902439024391
4.7378371340820526e-05,3.038048505783081,0.5171185214051105,0.4016421664717235,0.4376894025940535,0.639906103286385,0.6085365853658536
0.0020060148999534655,3.5920727252960205,0.5110328638497652,0.38931077068962355,0.42358896876413193,0.6009389671361501,0.6626016260162602
0.00012400981835022543,3.6792314052581787,0.5189927443448571,0.39972787611336286,0.4319609658435117,0.6131455399061033,0.6886178861788619
3.87537540489634e-05,3.615509033203125,0.49880495091762705,0.38547711119103234,0.4182316092310695,0.6098591549295777,0.6723577235772358
2.0545101804396097e-05,3.5265841484069824,0.5077251387110543,0.38582814114963526,0.42112412177235753,0.6051643192488264,0.6585365853658537
5.1510420979655e-05,3.6335129737854004,0.5070813771517997,0.39691097470491227,0.4287419045824731,0.6042253521126759,0.6699186991869919
6.655731705109459e-05,5.239590644836426,0.43039906103286374,0.3015289266462976,0.33320671423944853,0.5000000000000001,0.5365853658536586
1.8556829241691488e-05,3.589452028274536,0.5202464788732394,0.40101927993079245,0.4355186465022162,0.6140845070422536,0.6699186991869919
0.0013505113637896232,3.161886215209961,0.5065215856542765,0.37330770452019696,0.4098176115796247,0.6061032863849763,0.6772357723577236
4.885626968237107e-05,3.33087420463562,0.48393048348570955,0.3637081911760417,0.39927403349236057,0.6018779342723004,0.6402439024390244
0.00025856449274546143,3.670454263687134,0.4905339533212031,0.35907749232917635,0.393495588281061,0.5892018779342725,0.5831300813008131
5.122908999999509e-05,4.046494483947754,0.4628984432913268,0.3447928472606979,0.3766443163037143,0.5699530516431928,0.5784552845528457
0.0002126767658016132,3.39870548248291,0.5261203585147247,0.39997369077589523,0.43118444186226657,0.5995305164319248,0.6382113821138211
0.00035343775400346205,4.361873626708984,0.48951138932359584,0.36264775988188924,0.39255570126148015,0.5389671361502347,0.5308943089430894
0.0001454303557707995,3.244487762451172,0.5500053350405465,0.4229325550727879,0.45810060331906477,0.6352112676056341,0.6189024390243901
5.714907537153666e-05,3.377657651901245,0.5439137857447718,0.4227034671798909,0.4546819086729636,0.6262910798122066,0.6422764227642277
4.2918621176484624e-05,3.211653232574463,0.5418219756247926,0.41582683702861295,0.44976054663868964,0.6272300469483569,0.6262195121951218
4.205712763520422e-05,3.3554954528808594,0.5629694835680752,0.4375659674633955,0.4708214337799117,0.6366197183098594,0.6278455284552846
0.0002507223168838318,3.475872039794922,0.5007682458386685,0.37527623065283805,0.40809030062422386,0.6098591549295775,0.5774390243902439
4.361137577246434e-05,3.205693244934082,0.5324460318530001,0.40650255802123525,0.4396400658397203,0.6230046948356808,0.6109756097560975
7.307388476182744e-05,4.534731388092041,0.5135126548766282,0.3979640402803293,0.4282877404734284,0.5835680751173709,0.6650406504065042
0.0069094978795037915,3.8817622661590576,0.4927870251813912,0.3371829635893731,0.375603747888273,0.5478873239436619,0.6365853658536585
0.00464499112262367,2.972022533416748,0.5714255228339736,0.4554857648305289,0.4886090667768393,0.6582159624413145,0.6772357723577236
0.0006428648588494966,4.379373550415039,0.5100298762270593,0.39707830720231213,0.4270044249836238,0.5774647887323944,0.6390243902439022
0.00039886281592528154,3.1880416870117188,0.5207212974818608,0.39695341128898987,0.43211686109090736,0.6253521126760562,0.6130081300813008
7.117700757614059e-05,3.200939893722534,0.5013641288289175,0.3748702359082028,0.40925317627859303,0.6192488262910798,0.616260162601626
0.00013594787794757809,3.344153642654419,0.5150821596244132,0.40172804945615725,0.4350464851131213,0.6239436619718309,0.615040650406504
0.000254966072199302,3.125396251678467,0.5383269312846777,0.4009920229914106,0.43800416046054674,0.6178403755868546,0.6270325203252033
0.00023357574882650905,3.5644030570983887,0.5087708066581307,0.38335146142555826,0.41764812192481265,0.6178403755868547,0.543089430894309
0.004371457492143348,7.707012176513672,0.4018443997317237,0.28823982542598586,0.31427616408876186,0.42769953051643184,0.5268292682926828
0.015571570662226603,3.1049630641937256,0.5361502347417841,0.4152532748827911,0.4492439404636725,0.6361502347417842,0.6227642276422763
6.697005155799124e-05,2.950221538543701,0.5518779342723005,0.43288784235201877,0.46722441795688835,0.6511737089201877,0.6146341463414635
7.732864729899887e-05,3.1162967681884766,0.5406103286384977,0.41852313559294574,0.45255079046303553,0.6370892018779345,0.6260162601626017
0.00014119994462696766,3.8787574768066406,0.49859154929577465,0.3680412750253534,0.4021880098663268,0.5929577464788733,0.5991869918699186
8.611756089377999e-05,3.1282074451446533,0.5309859154929578,0.4024425781743602,0.4374730869590922,0.6220657276995307,0.6260162601626017
2.5518769413106688e-05,3.512657642364502,0.5289372599231754,0.4076722897773112,0.44042998608314543,0.6145539906103286,0.6333333333333333
3.552899943352542e-05,3.200638771057129,0.5308151941954758,0.40699588027358996,0.4407658404852355,0.6276995305164319,0.602439024390244
7.740876317301338e-05,3.583836317062378,0.5486555697823304,0.43505153303071253,0.46681379818714186,0.6173708920187791,0.6065040650406504
2.665364982616803e-05,3.1555604934692383,0.5481860862142552,0.4321913202240821,0.463562433377051,0.644131455399061,0.6008130081300814
3.156148510778646e-05,3.046898365020752,0.5566367904396073,0.443272744356639,0.4741351180780367,0.6450704225352113,0.6073170731707318
5.522920201231393e-05,3.976994514465332,0.5111111111111111,0.40415172192575743,0.43321684539223687,0.6178403755868545,0.6365853658536584
1.8102295014936963e-05,3.190728187561035,0.539265898420828,0.4224801303797017,0.4559454615966086,0.6422535211267607,0.5764227642276425
9.554518514739777e-05,3.067009449005127,0.548890311566368,0.4335887709509878,0.4667435059692627,0.6582159624413146,0.6048780487804879
2.1840059918098014e-05,3.3471057415008545,0.5500640204865557,0.4267593240603039,0.4595789024989326,0.6333333333333334,0.6081300813008129
1.4935346969570322e-05,3.4070048332214355,0.5261203585147247,0.40781840803273756,0.4398474356283987,0.6281690140845071,0.6113821138211382
1.2996544522557834e-05,3.1147186756134033,0.5404396073410158,0.4216189892981074,0.4540592884783935,0.6446009389671362,0.6056910569105691
1.9521049823802587e-05,3.2650938034057617,0.5136790439607342,0.39655862712506934,0.4294480543270957,0.635680751173709,0.6065040650406505
3.103064425423028e-05,3.25582218170166,0.5279982927870251,0.406074101614518,0.4389258107165032,0.6338028169014085,0.6032520325203251
1.626519735638286e-05,3.2563745975494385,0.5202518139137857,0.399575666559745,0.43141290743781135,0.6338028169014086,0.6170731707317073
7.124400926081864e-06,3.3219738006591797,0.5197823303457106,0.3939786761362594,0.42717133891652115,0.627699530516432,0.6089430894308945
1.2853053212672311e-05,3.3102710247039795,0.5284677763551002,0.4098767322129233,0.4419396346956638,0.6361502347417841,0.6121951219512195
2.0388758448277356e-05,3.220311164855957,0.5214255228339736,0.40941581858299564,0.44025583998685175,0.6352112676056338,0.6089430894308945
4.2826871842304774e-06,3.2696545124053955,0.5251813913785744,0.41223122956742064,0.4428350906285889,0.6389671361502348,0.6032520325203253
6.1300115079112525e-06,3.3438923358917236,0.5256508749466496,0.41392286083651675,0.44403984200994323,0.6272300469483568,0.6162601626016261
6.292606328338066e-06,3.145142078399658,0.5338668373879641,0.42054896204926834,0.45223018537127757,0.6422535211267606,0.6008130081300814
4.830848053828269e-06,3.295224666595459,0.5289372599231754,0.41493993753179315,0.4464261357764712,0.6338028169014086,0.6121951219512196
4.878451161486314e-06,3.235103130340576,0.5275288092189502,0.4172047745409656,0.4479440162246877,0.6384976525821596,0.6138211382113822
3.799081373241497e-05,3.2364590167999268,0.5157276995305163,0.4006603712451845,0.43267050098792353,0.6366197183098593,0.6113821138211384
1.212047932551481e-05,3.162731409072876,0.5373879641485275,0.4211279026817913,0.4531351841901288,0.6455399061032864,0.6170731707317074
1.309540379707566e-05,3.124408006668091,0.5289372599231753,0.4170231291128414,0.44862631543703263,0.6441314553990611,0.61869918699187
7.08533062472482e-05,2.942622661590576,0.5483568075117371,0.43301463369589516,0.4655746263982954,0.6535211267605635,0.6032520325203252
1.550398328955803e-05,3.0213096141815186,0.574946649594537,0.45654842906067644,0.48936385512528374,0.6478873239436621,0.6170731707317074
1.1045971516527003e-05,3.1702792644500732,0.536683738796415,0.42680223585204197,0.45782707956989094,0.6422535211267607,0.6048780487804879
1.0414945169354938e-05,3.1263675689697266,0.5420827998292788,0.42619845211904817,0.45813366186488863,0.6455399061032864,0.6056910569105691
3.5990566855924397e-06,3.076848030090332,0.5395006402048655,0.4251518612480033,0.4575973954392165,0.6511737089201878,0.6186991869918699
6.666534887041903e-06,3.203085422515869,0.5425522833973538,0.4255404893126877,0.4581195350525633,0.6455399061032863,0.6276422764227644
7.487413751944034e-06,3.239163637161255,0.5261203585147248,0.4176125918149801,0.44844676405674755,0.6483568075117372,0.6235772357723578
5.1872845383887345e-05,3.1026010513305664,0.5352752880921895,0.41892666789788663,0.4502613946638723,0.63943661971831,0.6325203252032521
2.585827098987531e-05,3.1701724529266357,0.5082799829278704,0.39428299804192857,0.4254966593820877,0.6338028169014086,0.6178861788617886
5.4046511909592626e-06,3.118206262588501,0.5068715322236449,0.3918144211484689,0.42424324384425877,0.6342723004694837,0.6073170731707317
1.1074548405763393e-05,3.254657030105591,0.5120358514724712,0.39631606061489716,0.42740908288432844,0.6225352112676057,0.6121951219512195
1.5210687981968405e-05,3.274226427078247,0.4998292787025181,0.38548887528066966,0.41723233237941976,0.6262910798122067,0.6008130081300814
5.418836455915297e-06,3.306562662124634,0.49748186086214247,0.38566679464872977,0.41692500243297836,0.6258215962441317,0.5995934959349596
7.602331562866303e-06,3.2274410724639893,0.5038198890311567,0.3883190042023477,0.4181306760034225,0.6234741784037559,0.6121951219512195
9.903383930207853e-06,3.2374751567840576,0.5118011096884336,0.3976735884982466,0.4290480631071628,0.632394366197183,0.6058943089430896
1.767112266473843e-05,3.2604238986968994,0.5209560392658985,0.4089667797444894,0.4395914890239196,0.6342723004694838,0.6162601626016262
8.083583399393826e-06,3.199176549911499,0.5407352081061001,0.42647118891556535,0.4584905337981103,0.6469483568075118,0.6121951219512195
7.133560209211487e-06,3.1626508235931396,0.5181391378574477,0.40621769262920515,0.43732004892391174,0.6450704225352113,0.6170731707317074
1.1894549926219674e-05,3.1697590351104736,0.532676939379222,0.4192718063615186,0.44989376491692246,0.6413145539906105,0.6008130081300814
7.294858653533991e-06,3.2928736209869385,0.5120358514724711,0.4010226333848502,0.4312229581982116,0.6361502347417842,0.5985772357723579
1.2980641379360813e-05,3.3496623039245605,0.5209560392658984,0.411778513269634,0.4419634838829465,0.6446009389671363,0.6032520325203251
3.592920503124825e-06,3.2473490238189697,0.5294067434912506,0.41929131957607163,0.45030566315879794,0.647417840375587,0.6089430894308944
5.005922178065965e-05,3.698955535888672,0.4730687153222363,0.35836017716605584,0.38982103092228315,0.6084507042253521,0.5554878048780487
6.3100931227518825e-06,3.1630353927612305,0.49767697091640756,0.3967000311045014,0.4247719912070955,0.639906103286385,0.6016260162601627
0.00017611901426533216,3.224128484725952,0.5267178830559112,0.4172123076623996,0.4495282923782051,0.6492957746478873,0.6113821138211382
0.0002129794716168264,3.3316938877105713,0.5188433632095604,0.4060655451765884,0.43645676881912326,0.639906103286385,0.6170731707317075
3.424074452654288e-05,3.4356327056884766,0.5312206572769952,0.4206692651885549,0.4505305460681456,0.6244131455399063,0.6268292682926829
0.00010964504915940441,3.4068081378936768,0.5230046948356808,0.4183950023274376,0.4492831660308306,0.6417840375586855,0.5884146341463415
3.5609146557434805e-05,3.2694365978240967,0.5272300469483568,0.4156609220540636,0.4474561191250544,0.6328638497652582,0.6014227642276423
